4.999185933349550304e+00 1.219584487797761518e+00
4.990588249550133249e+00 -2.917514583877744538e+00
2.782849286263474831e+00 -4.998446631149802144e+00
2.742964435421924918e+00 -4.993699415290928201e+00
-4.995615182386529796e+00 2.912464751774729521e+00
-4.998704172210141294e+00 -4.564742247611991210e+00
1.544274594211795915e+00 -4.996001546535013382e+00
4.670514096356487954e+00 -4.999779594253586090e+00
4.993417256821895300e+00 3.346457330376084727e-01
4.999870644884624404e+00 -4.518364336329184106e+00
4.995831354074198316e+00 8.174447926627053107e-01
-4.998367658906806454e+00 4.680188647195540952e+00
-4.995742022742828858e+00 6.984273388016202233e-01
4.997904513928726367e+00 -7.398021856963881149e-01
3.651500710783073700e+00 4.990205040698862504e+00
-4.997467715384165565e+00 -1.731844849919036644e+00
4.995065777542938790e+00 4.070924763462803853e+00
1.821131877697052204e+00 -4.998329905260771255e+00
4.999681466460394574e+00 -9.364609356511532923e-01
-4.995150055060111782e+00 -4.593389207319210854e+00
-4.992415431750709232e+00 1.140419640134980206e+00
-4.995932420640753158e+00 3.827098462067631601e+00
4.993077347311339231e+00 2.207695313631560019e+00
1.829023424385373353e+00 4.999847123253813308e+00
4.995190768774417478e+00 -3.192085238197153174e-01
4.839113058209330021e+00 -4.999414777196754756e+00
-4.029559210971377148e+00 -4.998629257260239100e+00
-1.747463879691622868e+00 4.990913086226514750e+00
2.479733550938454378e+00 4.996215105904901144e+00
-1.731000631816299595e+00 4.992865261221351325e+00
8.166424238367016031e-01 -4.992867013658280229e+00
3.960066325005692889e+00 -4.991121265316096789e+00
1.031408377737461635e-01 4.994918792840569388e+00
-4.993276798158107432e+00 -4.273565770916984974e+00
-4.994052136240692441e+00 -8.502578948935850534e-01
4.996345221390947167e+00 1.888118294314633516e-02
-4.991874222290967111e+00 -2.642779099757825989e-01
-4.689676935179448058e+00 -4.999468474359295200e+00
3.339339512391145348e+00 4.991032865177356115e+00
5.234133034446539767e-01 4.994597172212219327e+00
2.264988115507531319e-01 4.993458702713506447e+00
-2.076191139064762936e+00 -4.999854636783997108e+00
-4.056524991512642231e+00 -4.991553113200168035e+00
-4.996332331470983767e+00 -1.791126079114200298e+00
4.995862916069760296e+00 -3.979304874386316193e+00
-2.573665713319597703e+00 4.991161011489438692e+00
-4.994634118855174165e+00 6.815143551431814828e-01
-2.265013327674864296e+00 -4.996149616319511821e+00
2.543260252019639900e+00 4.993810318017874117e+00
4.991501010875628808e+00 3.817502716810512453e+00
4.992026741202056250e+00 4.990087430511607636e+00
-4.997748191090193082e+00 4.996438878589359867e+00
-4.994870498421220439e+00 4.991803495584057337e+00
-4.991602038529349805e+00 -4.990097625395022440e+00
4.994714220769219892e+00 -4.995452089388525252e+00
4.993253951253522338e+00 -4.992178818589898093e+00
-4.992426393080402924e+00 -4.992921741136297165e+00
4.996524095257431242e+00 4.990379977188672989e+00
-4.990541534098742460e+00 4.995812423873061014e+00
-4.990052700115096052e+00 -4.996317847698715120e+00
4.992192572931372752e+00 4.991577895758937622e+00
4.997992457668931188e+00 4.990706436556323844e+00
-4.993796207369205042e+00 -4.990210588265046709e+00
-4.991197692258278806e+00 4.995970138904119118e+00
4.991675540930426536e+00 -4.990225994243427721e+00
-4.998133512263787104e+00 -4.990052394055807916e+00
-4.993263383244073594e+00 4.994126870249354866e+00
4.995320973144884213e+00 -4.992532347239612811e+00
4.996183539872658841e+00 -4.999174100239386576e+00
4.998542576799582804e+00 -4.991713550717753911e+00
4.996105311603366239e+00 4.997978305949348332e+00
4.993914512301992126e+00 4.992271793372857758e+00
-4.991989528357012595e+00 -4.992010693232304952e+00
4.996274425552329923e+00 -4.998992609304019119e+00
4.997755097398836277e+00 4.990273940522015117e+00
-4.993576017753774465e+00 -4.997926005977845421e+00
-4.999848415645770316e+00 4.990537023894835222e+00
-4.994314987108975146e+00 4.998788515541259692e+00
-4.996257419978809011e+00 4.995266507640964804e+00
4.993788549725119985e+00 -4.991170229015852833e+00
4.998803692363177120e+00 -4.995336071266643252e+00
-4.990694959557563593e+00 4.994917843424574677e+00
-4.993144621882082745e+00 4.992192464677937203e+00
-4.995200267180244680e+00 -4.999991302071054022e+00
4.994407149253804690e+00 -4.990425775569896416e+00
-4.993624904684299537e+00 -4.998255450641123865e+00
-4.995503068255466417e+00 -4.996731269766434558e+00
-4.992486739238358062e+00 4.993705127821042034e+00
4.999411699079503002e+00 4.991908268770629320e+00
-4.997100972615646342e+00 -4.996796659699377585e+00
-4.993179060981080220e+00 4.996302611414934702e+00
4.996044604522348997e+00 4.998170547372349226e+00
-4.995238567129737461e+00 4.999935860469840065e+00
4.994934683955053245e+00 4.991854917414596748e+00
-4.999102265723895933e+00 4.992023945255931849e+00
4.999529845151522878e+00 -4.990068903198594974e+00
4.996856124326087389e+00 4.992173278205788378e+00
-4.990779942292784099e+00 -4.992232575254337945e+00
-4.994135736219995181e+00 4.999577103961099667e+00
-4.991714994217257839e+00 4.993062149513253445e+00
