-5.000000000000000000e+00 1.901818181818181630e+00
-2.214545454545454817e+00 5.000000000000000000e+00
-1.332121212121212261e+00 5.000000000000000000e+00
-3.081616161616161698e+00 5.000000000000000000e+00
-5.000000000000000000e+00 1.135353535353537668e-01
-2.055353535353535044e+00 5.000000000000000000e+00
-2.672727272727272840e+00 5.000000000000000000e+00
-5.000000000000000000e+00 8.270707070707067343e-01
-5.000000000000000000e+00 3.696969696969695240e-01
-2.555555555555555358e+00 5.000000000000000000e+00
-8.222222222222219656e-01 5.000000000000000000e+00
-5.000000000000000000e+00 1.281212121212121247e+00
-1.167676767676766453e-01 5.000000000000000000e+00
-2.414141414141413922e+00 5.000000000000000000e+00
-2.381010101010101021e+00 5.000000000000000000e+00
-8.747474747474746071e-01 5.000000000000000000e+00
-5.000000000000000000e+00 3.778181818181818752e+00
-5.000000000000000000e+00 3.153535353535353636e+00
-2.581818181818181790e-01 5.000000000000000000e+00
-3.179797979797981400e-01 5.000000000000000000e+00
