-5.000000000000000000e+00 1.972244897959183341e+00
-2.288163265306122796e+00 5.000000000000000000e+00
-1.396734693877551114e+00 5.000000000000000000e+00
-3.164081632653060971e+00 5.000000000000000000e+00
-5.000000000000000000e+00 1.657142857142859527e-01
-2.127346938775509955e+00 5.000000000000000000e+00
-2.751020408163265429e+00 5.000000000000000000e+00
-5.000000000000000000e+00 8.865306122448977089e-01
-5.000000000000000000e+00 4.244897959183671632e-01
-2.632653061224489832e+00 5.000000000000000000e+00
-8.816326530612242918e-01 5.000000000000000000e+00
-5.000000000000000000e+00 1.345306122448979513e+00
-1.689795918367345551e-01 5.000000000000000000e+00
-2.489795918367346594e+00 5.000000000000000000e+00
-2.456326530612244596e+00 5.000000000000000000e+00
-9.346938775510202912e-01 5.000000000000000000e+00
-5.000000000000000000e+00 3.867755102040816517e+00
-5.000000000000000000e+00 3.236734693877551194e+00
-3.118367346938775708e-01 5.000000000000000000e+00
-3.722448979591838070e-01 5.000000000000000000e+00
