-5.000000000000000000e+00 2.268936170212765724e+00
-2.598297872340425752e+00 5.000000000000000000e+00
-1.668936170212766079e+00 5.000000000000000000e+00
-3.511489361702127443e+00 5.000000000000000000e+00
-5.000000000000000000e+00 3.855319148936172668e-01
-2.430638297872340203e+00 5.000000000000000000e+00
-3.080851063829787240e+00 5.000000000000000000e+00
-5.000000000000000000e+00 1.137021276595744368e+00
-5.000000000000000000e+00 6.553191489361700484e-01
-2.957446808510638459e+00 5.000000000000000000e+00
-1.131914893617020912e+00 5.000000000000000000e+00
-5.000000000000000000e+00 1.615319148936170235e+00
-3.889361702127658305e-01 5.000000000000000000e+00
-2.808510638297872397e+00 5.000000000000000000e+00
-2.773617021276595818e+00 5.000000000000000000e+00
-1.187234042553191316e+00 5.000000000000000000e+00
-5.000000000000000000e+00 4.245106382978724113e+00
-5.000000000000000000e+00 3.587234042553191671e+00
-5.378723404255318918e-01 5.000000000000000000e+00
-6.008510638297874795e-01 5.000000000000000000e+00
