-5.000000000000000000e+00 2.426956521739130235e+00
-2.763478260869565606e+00 5.000000000000000000e+00
-1.813913043478261100e+00 5.000000000000000000e+00
-3.696521739130434803e+00 5.000000000000000000e+00
-5.000000000000000000e+00 5.026086956521741422e-01
-2.592173913043477995e+00 5.000000000000000000e+00
-3.256521739130434856e+00 5.000000000000000000e+00
-5.000000000000000000e+00 1.270434782608695468e+00
-5.000000000000000000e+00 7.782608695652171171e-01
-3.130434782608695787e+00 5.000000000000000000e+00
-1.265217391304347405e+00 5.000000000000000000e+00
-5.000000000000000000e+00 1.759130434782608665e+00
-5.060869565217389621e-01 5.000000000000000000e+00
-2.978260869565217295e+00 5.000000000000000000e+00
-2.942608695652173978e+00 5.000000000000000000e+00
-1.321739130434782528e+00 5.000000000000000000e+00
-5.000000000000000000e+00 4.446086956521739353e+00
-5.000000000000000000e+00 3.773913043478260843e+00
-6.582608695652174546e-01 5.000000000000000000e+00
-7.226086956521740046e-01 5.000000000000000000e+00
