-5.000000000000000000e+00 2.117499999999999716e+00
-2.440000000000000391e+00 5.000000000000000000e+00
-1.530000000000000249e+00 5.000000000000000000e+00
-3.334166666666666501e+00 5.000000000000000000e+00
-5.000000000000000000e+00 2.733333333333335946e-01
-2.275833333333333375e+00 5.000000000000000000e+00
-2.912500000000000089e+00 5.000000000000000000e+00
-5.000000000000000000e+00 1.009166666666666323e+00
-5.000000000000000000e+00 5.374999999999998668e-01
-2.791666666666666519e+00 5.000000000000000000e+00
-1.004166666666666430e+00 5.000000000000000000e+00
-5.000000000000000000e+00 1.477500000000000036e+00
-2.766666666666665608e-01 5.000000000000000000e+00
-2.645833333333333037e+00 5.000000000000000000e+00
-2.611666666666666359e+00 5.000000000000000000e+00
-1.058333333333333126e+00 5.000000000000000000e+00
-5.000000000000000000e+00 4.052500000000000213e+00
-5.000000000000000000e+00 3.408333333333333215e+00
-4.225000000000000422e-01 5.000000000000000000e+00
-4.841666666666668561e-01 5.000000000000000000e+00
