-5.000000000000000000e+00 2.591999999999999638e+00
-2.936000000000000387e+00 5.000000000000000000e+00
-1.965333333333333599e+00 5.000000000000000000e+00
-3.889777777777777779e+00 5.000000000000000000e+00
-5.000000000000000000e+00 6.248888888888891602e-01
-2.760888888888888726e+00 5.000000000000000000e+00
-3.440000000000000391e+00 5.000000000000000000e+00
-5.000000000000000000e+00 1.409777777777777352e+00
-5.000000000000000000e+00 9.066666666666663987e-01
-3.311111111111111338e+00 5.000000000000000000e+00
-1.404444444444444162e+00 5.000000000000000000e+00
-5.000000000000000000e+00 1.909333333333333327e+00
-6.284444444444443612e-01 5.000000000000000000e+00
-3.155555555555555447e+00 5.000000000000000000e+00
-3.119111111111111168e+00 5.000000000000000000e+00
-1.462222222222222090e+00 5.000000000000000000e+00
-5.000000000000000000e+00 4.656000000000000583e+00
-5.000000000000000000e+00 3.968888888888888911e+00
-7.840000000000000302e-01 5.000000000000000000e+00
-8.497777777777779651e-01 5.000000000000000000e+00
