-5.000000000000000000e+00 8.665599999999999525e+00
-9.284800000000000608e+00 5.000000000000000000e+00
-7.537600000000001188e+00 5.000000000000000000e+00
-1.100159999999999982e+01 5.000000000000000000e+00
-5.000000000000000000e+00 5.124800000000000466e+00
-8.969599999999999795e+00 5.000000000000000000e+00
-1.019200000000000017e+01 5.000000000000000000e+00
-5.000000000000000000e+00 6.537599999999999412e+00
-5.000000000000000000e+00 5.631999999999999673e+00
-9.960000000000000853e+00 5.000000000000000000e+00
-6.527999999999998693e+00 5.000000000000000000e+00
-5.000000000000000000e+00 7.436799999999999855e+00
-5.131199999999999761e+00 5.000000000000000000e+00
-9.679999999999999716e+00 5.000000000000000000e+00
-9.614399999999999835e+00 5.000000000000000000e+00
-6.631999999999999673e+00 5.000000000000000000e+00
-5.000000000000000000e+00 1.238080000000000069e+01
-5.000000000000000000e+00 1.114399999999999835e+01
-5.411200000000000898e+00 5.000000000000000000e+00
-5.529600000000000293e+00 5.000000000000000000e+00
