-5.000000000000000000e+00 5.505599999999999383e+00
-7.313600000000000989e+00 5.000000000000000000e+00
-6.448000000000000398e+00 5.000000000000000000e+00
-5.000000000000000000e+00 8.852800000000000225e+00
-1.036159999999999926e+01 5.000000000000000000e+00
-5.000000000000000000e+00 5.878399999999999181e+00
-5.233599999999999142e+00 5.000000000000000000e+00
-5.000000000000000000e+00 5.240000000000000213e+00
-8.275199999999999889e+00 5.000000000000000000e+00
-1.110239999999999938e+01 5.000000000000000000e+00
-1.270720000000000027e+01 5.000000000000000000e+00
-5.000000000000000000e+00 9.032000000000000028e+00
-5.000000000000000000e+00 7.172800000000000509e+00
-5.172799999999998732e+00 5.000000000000000000e+00
-5.000000000000000000e+00 1.229439999999999955e+01
-5.000000000000000000e+00 1.081760000000000055e+01
-5.249600000000000932e+00 5.000000000000000000e+00
-1.285600000000000165e+01 5.000000000000000000e+00
-5.000000000000000000e+00 9.724800000000000111e+00
-5.000000000000000000e+00 7.716799999999999216e+00
