-5.000000000000000000e+00 3.058585858585855521e-01
-1.218989898989899068e+00 5.000000000000000000e+00
-7.818181818181819676e-01 5.000000000000000000e+00
-5.000000000000000000e+00 1.996363636363636562e+00
-2.758383838383838604e+00 5.000000000000000000e+00
-5.000000000000000000e+00 4.941414141414137151e-01
-1.684848484848485151e-01 5.000000000000000000e+00
-5.000000000000000000e+00 1.717171717171718237e-01
-1.704646464646464521e+00 5.000000000000000000e+00
-3.132525252525252490e+00 5.000000000000000000e+00
-3.943030303030303330e+00 5.000000000000000000e+00
-5.000000000000000000e+00 2.086868686868686762e+00
-5.000000000000000000e+00 1.147878787878788165e+00
-1.377777777777775825e-01 5.000000000000000000e+00
-5.000000000000000000e+00 3.734545454545454390e+00
-5.000000000000000000e+00 2.988686868686869058e+00
-1.765656565656565924e-01 5.000000000000000000e+00
-4.018181818181818521e+00 5.000000000000000000e+00
-5.000000000000000000e+00 2.436767676767676694e+00
-5.000000000000000000e+00 1.422626262626262239e+00
