-5.000000000000000000e+00 8.364444444444441018e-01
-1.840888888888889019e+00 5.000000000000000000e+00
-1.360000000000000320e+00 5.000000000000000000e+00
-5.000000000000000000e+00 2.696000000000000174e+00
-3.534222222222222154e+00 5.000000000000000000e+00
-5.000000000000000000e+00 1.043555555555555125e+00
-6.853333333333333499e-01 5.000000000000000000e+00
-5.000000000000000000e+00 6.888888888888889950e-01
-2.375111111111110951e+00 5.000000000000000000e+00
-3.945777777777777828e+00 5.000000000000000000e+00
-4.837333333333333485e+00 5.000000000000000000e+00
-5.000000000000000000e+00 2.795555555555555571e+00
-5.000000000000000000e+00 1.762666666666667048e+00
-6.515555555555553324e-01 5.000000000000000000e+00
-5.000000000000000000e+00 4.607999999999999652e+00
-5.000000000000000000e+00 3.787555555555555564e+00
-6.942222222222222960e-01 5.000000000000000000e+00
-4.919999999999999929e+00 5.000000000000000000e+00
-5.000000000000000000e+00 3.180444444444444407e+00
-5.000000000000000000e+00 2.064888888888888552e+00
