-5.000000000000000000e+00 7.095652173913040706e-01
-1.692173913043478306e+00 5.000000000000000000e+00
-1.221739130434782883e+00 5.000000000000000000e+00
-5.000000000000000000e+00 2.528695652173913011e+00
-3.348695652173913295e+00 5.000000000000000000e+00
-5.000000000000000000e+00 9.121739130434778353e-01
-5.617391304347825187e-01 5.000000000000000000e+00
-5.000000000000000000e+00 5.652173913043478937e-01
-2.214782608695652133e+00 5.000000000000000000e+00
-3.751304347826087238e+00 5.000000000000000000e+00
-4.623478260869565482e+00 5.000000000000000000e+00
-5.000000000000000000e+00 2.626086956521739069e+00
-5.000000000000000000e+00 1.615652173913043832e+00
-5.286956521739127890e-01 5.000000000000000000e+00
-5.000000000000000000e+00 4.399130434782608567e+00
-5.000000000000000000e+00 3.596521739130435158e+00
-5.704347826086957340e-01 5.000000000000000000e+00
-4.704347826086956452e+00 5.000000000000000000e+00
-5.000000000000000000e+00 3.002608695652174031e+00
-5.000000000000000000e+00 1.911304347826086492e+00
