-5.000000000000000000e+00 5.880851063829783953e-01
-1.549787234042553141e+00 5.000000000000000000e+00
-1.089361702127659814e+00 5.000000000000000000e+00
-5.000000000000000000e+00 2.368510638297872450e+00
-3.171063829787234223e+00 5.000000000000000000e+00
-5.000000000000000000e+00 7.863829787234037916e-01
-4.434042553191488989e-01 5.000000000000000000e+00
-5.000000000000000000e+00 4.468085106382979621e-01
-2.061276595744680584e+00 5.000000000000000000e+00
-3.565106382978723509e+00 5.000000000000000000e+00
-4.418723404255318954e+00 5.000000000000000000e+00
-5.000000000000000000e+00 2.463829787234042445e+00
-5.000000000000000000e+00 1.474893617021276970e+00
-4.110638297872338254e-01 5.000000000000000000e+00
-5.000000000000000000e+00 4.199148936170212565e+00
-5.000000000000000000e+00 3.413617021276595942e+00
-4.519148936170213626e-01 5.000000000000000000e+00
-4.497872340425532300e+00 5.000000000000000000e+00
-5.000000000000000000e+00 2.832340425531914896e+00
-5.000000000000000000e+00 1.764255319148935630e+00
