-5.000000000000000000e+00 4.716666666666663454e-01
-1.413333333333333330e+00 5.000000000000000000e+00
-9.625000000000002442e-01 5.000000000000000000e+00
-5.000000000000000000e+00 2.215000000000000302e+00
-3.000833333333333464e+00 5.000000000000000000e+00
-5.000000000000000000e+00 6.658333333333329440e-01
-3.300000000000000155e-01 5.000000000000000000e+00
-5.000000000000000000e+00 3.333333333333334814e-01
-1.914166666666666572e+00 5.000000000000000000e+00
-3.386666666666666714e+00 5.000000000000000000e+00
-4.222500000000000142e+00 5.000000000000000000e+00
-5.000000000000000000e+00 2.308333333333333570e+00
-5.000000000000000000e+00 1.340000000000000302e+00
-2.983333333333331172e-01 5.000000000000000000e+00
-5.000000000000000000e+00 4.007499999999999396e+00
-5.000000000000000000e+00 3.238333333333333730e+00
-3.383333333333333748e-01 5.000000000000000000e+00
-4.299999999999999822e+00 5.000000000000000000e+00
-5.000000000000000000e+00 2.669166666666666909e+00
-5.000000000000000000e+00 1.623333333333333073e+00
