-5.000000000000000000e+00 3.599999999999997091e-01
-1.282448979591836791e+00 5.000000000000000000e+00
-8.408163265306124456e-01 5.000000000000000000e+00
-5.000000000000000000e+00 2.067755102040816251e+00
-2.837551020408163538e+00 5.000000000000000000e+00
-5.000000000000000000e+00 5.502040816326526640e-01
-2.212244897959183831e-01 5.000000000000000000e+00
-5.000000000000000000e+00 2.244897959183674574e-01
-1.773061224489795862e+00 5.000000000000000000e+00
-3.215510204081632573e+00 5.000000000000000000e+00
-4.034285714285714697e+00 5.000000000000000000e+00
-5.000000000000000000e+00 2.159183673469387887e+00
-5.000000000000000000e+00 1.210612244897959489e+00
-1.902040816326528438e-01 5.000000000000000000e+00
-5.000000000000000000e+00 3.823673469387754764e+00
-5.000000000000000000e+00 3.070204081632653459e+00
-2.293877551020408467e-01 5.000000000000000000e+00
-4.110204081632653050e+00 5.000000000000000000e+00
-5.000000000000000000e+00 2.512653061224489726e+00
-5.000000000000000000e+00 1.488163265306122085e+00
