-5.000000000000000000e+00 3.630222222222222239e+00
-5.000000000000000000e+00 2.916444444444444173e+00
-3.355555555555555625e+00 5.000000000000000000e+00
-5.000000000000000000e+00 2.766222222222222360e+00
-5.000000000000000000e+00 4.379555555555556090e+00
-5.000000000000000000e+00 3.589333333333333709e+00
-5.000000000000000000e+00 6.995555555555554861e-01
-5.000000000000000000e+00 2.910222222222222488e+00
-2.999111111111111505e+00 5.000000000000000000e+00
-5.000000000000000000e+00 1.144888888888889067e+00
-5.000000000000000000e+00 7.582222222222225749e-01
-1.271111111111111303e+00 5.000000000000000000e+00
-5.000000000000000000e+00 2.903111111111110976e+00
-1.694222222222222296e+00 5.000000000000000000e+00
-5.000000000000000000e+00 1.102222222222222214e+00
-2.219555555555555504e+00 5.000000000000000000e+00
-4.703999999999999737e+00 5.000000000000000000e+00
-3.509333333333333638e+00 5.000000000000000000e+00
-5.000000000000000000e+00 3.982222222222222108e+00
-4.020444444444444265e+00 5.000000000000000000e+00
