-5.000000000000000000e+00 3.090833333333333321e+00
-5.000000000000000000e+00 2.421666666666666412e+00
-2.833333333333333481e+00 5.000000000000000000e+00
-5.000000000000000000e+00 2.280833333333333712e+00
-5.000000000000000000e+00 3.793333333333333446e+00
-5.000000000000000000e+00 3.052500000000000213e+00
-5.000000000000000000e+00 3.433333333333332682e-01
-5.000000000000000000e+00 2.415833333333333499e+00
-2.499166666666666980e+00 5.000000000000000000e+00
-5.000000000000000000e+00 7.608333333333335835e-01
-5.000000000000000000e+00 3.983333333333336501e-01
-8.791666666666668739e-01 5.000000000000000000e+00
-5.000000000000000000e+00 2.409166666666666679e+00
-1.275833333333333375e+00 5.000000000000000000e+00
-5.000000000000000000e+00 7.208333333333333259e-01
-1.768333333333333091e+00 5.000000000000000000e+00
-4.097500000000000142e+00 5.000000000000000000e+00
-2.977500000000000480e+00 5.000000000000000000e+00
-5.000000000000000000e+00 3.420833333333332948e+00
-3.456666666666666554e+00 5.000000000000000000e+00
