-5.000000000000000000e+00 3.262978723404255099e+00
-5.000000000000000000e+00 2.579574468085105821e+00
-3.000000000000000000e+00 5.000000000000000000e+00
-5.000000000000000000e+00 2.435744680851064103e+00
-5.000000000000000000e+00 3.980425531914893789e+00
-5.000000000000000000e+00 3.223829787234043120e+00
-5.000000000000000000e+00 4.570212765957446521e-01
-5.000000000000000000e+00 2.573617021276596084e+00
-2.658723404255319611e+00 5.000000000000000000e+00
-5.000000000000000000e+00 8.834042553191492342e-01
-5.000000000000000000e+00 5.131914893617024465e-01
-1.004255319148936287e+00 5.000000000000000000e+00
-5.000000000000000000e+00 2.566808510638297847e+00
-1.409361702127659433e+00 5.000000000000000000e+00
-5.000000000000000000e+00 8.425531914893616969e-01
-1.912340425531914745e+00 5.000000000000000000e+00
-4.291063829787233885e+00 5.000000000000000000e+00
-3.147234042553191724e+00 5.000000000000000000e+00
-5.000000000000000000e+00 3.599999999999999645e+00
-3.636595744680851006e+00 5.000000000000000000e+00
