-5.000000000000000000e+00 2.845656565656565551e+00
-5.000000000000000000e+00 2.196767676767676480e+00
-2.595959595959596022e+00 5.000000000000000000e+00
-5.000000000000000000e+00 2.060202020202020368e+00
-5.000000000000000000e+00 3.526868686868687153e+00
-5.000000000000000000e+00 2.808484848484849028e+00
-5.000000000000000000e+00 1.814141414141413611e-01
-5.000000000000000000e+00 2.191111111111111232e+00
-2.271919191919192116e+00 5.000000000000000000e+00
-5.000000000000000000e+00 5.862626262626264850e-01
-5.000000000000000000e+00 2.347474747474750933e-01
-7.010101010101011942e-01 5.000000000000000000e+00
-5.000000000000000000e+00 2.184646464646464725e+00
-1.085656565656565542e+00 5.000000000000000000e+00
-5.000000000000000000e+00 5.474747474747474474e-01
-1.563232323232323084e+00 5.000000000000000000e+00
-3.821818181818181781e+00 5.000000000000000000e+00
-2.735757575757576276e+00 5.000000000000000000e+00
-5.000000000000000000e+00 3.165656565656565391e+00
-3.200404040404040362e+00 5.000000000000000000e+00
