-5.000000000000000000e+00 3.442608695652173978e+00
-5.000000000000000000e+00 2.744347826086956044e+00
-3.173913043478260754e+00 5.000000000000000000e+00
-5.000000000000000000e+00 2.597391304347826058e+00
-5.000000000000000000e+00 4.175652173913043441e+00
-5.000000000000000000e+00 3.402608695652174386e+00
-5.000000000000000000e+00 5.756521739130433524e-01
-5.000000000000000000e+00 2.738260869565217526e+00
-2.825217391304347903e+00 5.000000000000000000e+00
-5.000000000000000000e+00 1.011304347826087247e+00
-5.000000000000000000e+00 6.330434782608699296e-01
-1.134782608695652284e+00 5.000000000000000000e+00
-5.000000000000000000e+00 2.731304347826086776e+00
-1.548695652173913029e+00 5.000000000000000000e+00
-5.000000000000000000e+00 9.695652173913043015e-01
-2.062608695652173640e+00 5.000000000000000000e+00
-4.493043478260869250e+00 5.000000000000000000e+00
-3.324347826086956559e+00 5.000000000000000000e+00
-5.000000000000000000e+00 3.786956521739130110e+00
-3.824347826086956115e+00 5.000000000000000000e+00
