-5.000000000000000000e+00 1.053439999999999976e+01
-5.000000000000000000e+00 9.249599999999999156e+00
-1.003999999999999915e+01 5.000000000000000000e+00
-5.000000000000000000e+00 8.979200000000000514e+00
-5.000000000000000000e+00 1.188320000000000221e+01
-5.000000000000000000e+00 1.046080000000000076e+01
-5.000000000000000000e+00 5.259199999999999875e+00
-5.000000000000000000e+00 9.238400000000000389e+00
-9.398400000000000531e+00 5.000000000000000000e+00
-5.000000000000000000e+00 6.060800000000000409e+00
-5.000000000000000000e+00 5.364800000000000679e+00
-6.288000000000000256e+00 5.000000000000000000e+00
-5.000000000000000000e+00 9.225600000000000023e+00
-7.049599999999999866e+00 5.000000000000000000e+00
-5.000000000000000000e+00 5.983999999999999986e+00
-7.995200000000000529e+00 5.000000000000000000e+00
-1.246719999999999828e+01 5.000000000000000000e+00
-1.031680000000000064e+01 5.000000000000000000e+00
-5.000000000000000000e+00 1.116799999999999926e+01
-1.123679999999999879e+01 5.000000000000000000e+00
