-5.000000000000000000e+00 2.925714285714285712e+00
-5.000000000000000000e+00 2.270204081632652748e+00
-2.673469387755102122e+00 5.000000000000000000e+00
-5.000000000000000000e+00 2.132244897959183927e+00
-5.000000000000000000e+00 3.613877551020408418e+00
-5.000000000000000000e+00 2.888163265306122884e+00
-5.000000000000000000e+00 2.342857142857142083e-01
-5.000000000000000000e+00 2.264489795918367410e+00
-2.346122448979591990e+00 5.000000000000000000e+00
-5.000000000000000000e+00 6.432653061224491431e-01
-5.000000000000000000e+00 2.881632653061227956e-01
-7.591836734693878652e-01 5.000000000000000000e+00
-5.000000000000000000e+00 2.257959183673469372e+00
-1.147755102040816322e+00 5.000000000000000000e+00
-5.000000000000000000e+00 6.040816326530612512e-01
-1.630204081632652846e+00 5.000000000000000000e+00
-3.911836734693877382e+00 5.000000000000000000e+00
-2.814693877551020851e+00 5.000000000000000000e+00
-5.000000000000000000e+00 3.248979591836734127e+00
-3.284081632653061078e+00 5.000000000000000000e+00
