-1.000000000000000000e+00 -1.000000000000000000e+00 8.000000000000000000e+00 3.705240275861935828e+00
-1.000000000000000000e+00 -1.000000000000000000e+00 5.000000000000000000e+00 1.738517453798608337e+00
-1.000000000000000000e+00 -1.000000000000000000e+00 0.000000000000000000e+00 -2.373260759910226447e+00
-1.000000000000000000e+00 -1.000000000000000000e+00 1.700000000000000000e+01 4.934616450936850640e+00
-1.000000000000000000e+00 -1.000000000000000000e+00 1.100000000000000000e+01 4.291251354498292869e+00
-1.000000000000000000e+00 -1.000000000000000000e+00 1.300000000000000000e+01 -3.674933863223444064e-01
-1.000000000000000000e+00 -1.000000000000000000e+00 3.000000000000000000e+00 -3.005886745948945560e+00
-1.000000000000000000e+00 -1.000000000000000000e+00 1.900000000000000000e+01 3.026756508449254923e+00
-1.000000000000000000e+00 -1.000000000000000000e+00 1.600000000000000000e+01 4.775904608098878512e+00
-1.000000000000000000e+00 -1.000000000000000000e+00 1.500000000000000000e+01 1.444211887996118548e+00
-1.000000000000000000e+00 -1.000000000000000000e+00 1.600000000000000000e+01 5.333964384278102600e-01
-1.000000000000000000e+00 -1.000000000000000000e+00 4.000000000000000000e+00 -3.983220903655980472e+00
-1.000000000000000000e+00 -1.000000000000000000e+00 1.600000000000000000e+01 4.984919796185375063e+00
-1.000000000000000000e+00 -1.000000000000000000e+00 2.000000000000000000e+00 2.406004941264505703e+00
-1.000000000000000000e+00 -1.000000000000000000e+00 4.000000000000000000e+00 3.096039970416867959e+00
-1.000000000000000000e+00 -1.000000000000000000e+00 0.000000000000000000e+00 -3.637181915068311788e+00
-1.000000000000000000e+00 -1.000000000000000000e+00 1.800000000000000000e+01 -1.202922257417165852e+00
-1.000000000000000000e+00 -1.000000000000000000e+00 1.800000000000000000e+01 -2.829821701095194708e+00
-1.000000000000000000e+00 -1.000000000000000000e+00 1.800000000000000000e+01 1.385310311377585535e+00
-1.000000000000000000e+00 -1.000000000000000000e+00 1.000000000000000000e+00 -2.963754246128779357e+00
-1.000000000000000000e+00 -1.000000000000000000e+00 1.400000000000000000e+01 1.672506506744501742e+00
-1.000000000000000000e+00 -1.000000000000000000e+00 1.600000000000000000e+01 -4.078065361889033902e+00
-1.000000000000000000e+00 -1.000000000000000000e+00 7.000000000000000000e+00 -4.941500077515757816e+00
-1.000000000000000000e+00 -1.000000000000000000e+00 1.400000000000000000e+01 4.960655939755522326e+00
-1.000000000000000000e+00 -1.000000000000000000e+00 8.000000000000000000e+00 1.167356500194895119e+00
-1.000000000000000000e+00 -1.000000000000000000e+00 1.300000000000000000e+01 -1.992554769300581174e+00
-1.000000000000000000e+00 -1.000000000000000000e+00 9.000000000000000000e+00 2.140171536071076019e+00
-1.000000000000000000e+00 -1.000000000000000000e+00 1.500000000000000000e+01 -3.056436595397462597e+00
-1.000000000000000000e+00 -1.000000000000000000e+00 2.000000000000000000e+00 2.285549455449700673e+00
-1.000000000000000000e+00 -1.000000000000000000e+00 1.900000000000000000e+01 4.647454597287358879e+00
-1.000000000000000000e+00 -1.000000000000000000e+00 1.800000000000000000e+01 -4.178765988951487209e+00
-1.000000000000000000e+00 -1.000000000000000000e+00 1.500000000000000000e+01 -4.851524642396459086e+00
-1.000000000000000000e+00 -1.000000000000000000e+00 1.500000000000000000e+01 -3.320211663753180886e+00
-1.000000000000000000e+00 -1.000000000000000000e+00 1.000000000000000000e+01 -7.860985640814188713e-02
-1.000000000000000000e+00 -1.000000000000000000e+00 9.000000000000000000e+00 -1.923057876254392173e+00
-1.000000000000000000e+00 -1.000000000000000000e+00 1.500000000000000000e+01 3.939278107714567767e+00
-1.000000000000000000e+00 -1.000000000000000000e+00 9.000000000000000000e+00 -1.508424568413570199e+00
-1.000000000000000000e+00 -1.000000000000000000e+00 8.000000000000000000e+00 4.760825708361656083e+00
-1.000000000000000000e+00 -1.000000000000000000e+00 7.000000000000000000e+00 2.464905263074820496e+00
-1.000000000000000000e+00 -1.000000000000000000e+00 1.600000000000000000e+01 -3.092192707010899433e+00
-1.000000000000000000e+00 -1.000000000000000000e+00 1.900000000000000000e+01 -3.436319318827911751e+00
-1.000000000000000000e+00 -1.000000000000000000e+00 1.400000000000000000e+01 1.975111710959140510e+00
-1.000000000000000000e+00 -1.000000000000000000e+00 3.000000000000000000e+00 4.508535379082575290e+00
-1.000000000000000000e+00 -1.000000000000000000e+00 1.600000000000000000e+01 1.864036303424132512e-01
-1.000000000000000000e+00 -1.000000000000000000e+00 6.000000000000000000e+00 3.415251939580457474e+00
-1.000000000000000000e+00 -1.000000000000000000e+00 4.000000000000000000e+00 -3.211021007486836165e+00
-1.000000000000000000e+00 -1.000000000000000000e+00 3.000000000000000000e+00 3.830375465771137300e+00
-1.000000000000000000e+00 -1.000000000000000000e+00 8.000000000000000000e+00 3.294712979536546626e+00
-1.000000000000000000e+00 -1.000000000000000000e+00 1.600000000000000000e+01 4.497673319201551223e+00
-1.000000000000000000e+00 -1.000000000000000000e+00 0.000000000000000000e+00 2.186461172997107738e+00
