2.000000000000000000e+00 4.996170532340046044e+00 1.400000000000000000e+01 1.872301121913097610e+00
5.000000000000000000e+00 -4.996898808715658724e+00 7.000000000000000000e+00 2.458746740365328698e+00
1.500000000000000000e+01 -4.991861917007748950e+00 1.600000000000000000e+01 4.648916299107654027e+00
1.800000000000000000e+01 4.996242178047269888e+00 1.700000000000000000e+01 4.368205887478037397e+00
0.000000000000000000e+00 4.998193534067358001e+00 1.700000000000000000e+01 3.403648570440797272e+00
1.400000000000000000e+01 -4.990430141535988184e+00 6.000000000000000000e+00 -8.586423882912068706e-01
2.000000000000000000e+00 4.993493643400446658e+00 1.600000000000000000e+01 -1.343198830617255535e+00
3.000000000000000000e+00 -4.995608873443870834e+00 1.300000000000000000e+01 -1.078243553501175178e+00
1.000000000000000000e+00 -4.996570326085087110e+00 1.100000000000000000e+01 3.630310021463065695e+00
1.000000000000000000e+01 -4.990776103650574669e+00 1.900000000000000000e+01 -5.236397449649716762e-01
1.600000000000000000e+01 -4.997576488384324556e+00 1.700000000000000000e+01 -1.589828297211879349e+00
3.000000000000000000e+00 4.993013592732386208e+00 1.400000000000000000e+01 -4.305482256226689231e-01
1.700000000000000000e+01 4.990393978575755618e+00 1.200000000000000000e+01 -2.355658444546370855e+00
6.000000000000000000e+00 4.992872367750355700e+00 1.700000000000000000e+01 2.512903756220975282e+00
1.700000000000000000e+01 -4.998014208542289616e+00 1.000000000000000000e+00 7.289662486369898886e-01
1.000000000000000000e+00 -4.990241419189738181e+00 1.500000000000000000e+01 -4.111920084126968966e+00
1.500000000000000000e+01 4.991702489284342903e+00 1.400000000000000000e+01 4.408676792604408590e+00
7.000000000000000000e+00 4.993051586272528652e+00 3.000000000000000000e+00 2.331019424438566467e+00
1.800000000000000000e+01 -4.996003493617999780e+00 6.000000000000000000e+00 2.602054373159498724e+00
2.000000000000000000e+00 4.992010096812296460e+00 8.000000000000000000e+00 9.268152451417241977e-01
7.000000000000000000e+00 4.993273767196517277e+00 1.200000000000000000e+01 -1.156941986870388295e+00
1.800000000000000000e+01 -4.999192706533332142e+00 1.400000000000000000e+01 3.967337454843843148e+00
1.600000000000000000e+01 4.990721432582746253e+00 9.000000000000000000e+00 -3.643597209182132701e+00
1.600000000000000000e+01 -4.994291075192353269e+00 9.000000000000000000e+00 1.152353226167720734e+00
1.000000000000000000e+01 4.996120480026329247e+00 9.000000000000000000e+00 4.128064605051491753e+00
1.300000000000000000e+01 4.997004528658654188e+00 1.400000000000000000e+01 -3.537501931786485976e+00
1.100000000000000000e+01 4.997801350411477550e+00 6.000000000000000000e+00 -2.624058637819808748e+00
1.000000000000000000e+00 4.990532671615314442e+00 1.800000000000000000e+01 -1.564166245500295371e+00
1.000000000000000000e+01 4.995619806478416081e+00 1.500000000000000000e+01 -2.341821752771759080e+00
2.000000000000000000e+00 4.994453155644310804e+00 1.800000000000000000e+01 3.789714905426466274e+00
2.000000000000000000e+00 -4.999195084503184283e+00 1.200000000000000000e+01 3.493637923882605634e+00
5.000000000000000000e+00 4.994098166889464174e+00 8.000000000000000000e+00 1.300124293194112823e+00
8.000000000000000000e+00 -4.994761102676071651e+00 1.100000000000000000e+01 -3.676185794568334497e+00
1.500000000000000000e+01 4.991953175357666694e+00 1.200000000000000000e+01 1.593169955510037816e+00
7.000000000000000000e+00 -4.999663243127886680e+00 1.400000000000000000e+01 9.511899931012051113e-01
1.600000000000000000e+01 4.993488499469155073e+00 1.100000000000000000e+01 -1.975058334634240964e-01
1.400000000000000000e+01 4.994866306723935168e+00 1.200000000000000000e+01 4.987592117673532499e+00
9.000000000000000000e+00 4.995758413244283602e+00 1.000000000000000000e+00 -3.705707907359109043e+00
2.000000000000000000e+00 4.994970848655888140e+00 1.500000000000000000e+01 1.666872351343489100e-01
1.900000000000000000e+01 -4.991114448075888888e+00 1.600000000000000000e+01 -4.068744379164622060e+00
1.700000000000000000e+01 4.992091714068225272e+00 1.000000000000000000e+00 -3.907932107076881323e+00
7.000000000000000000e+00 4.997318601222226597e+00 5.000000000000000000e+00 3.417418311787630003e-01
0.000000000000000000e+00 -4.996684223870180297e+00 1.000000000000000000e+01 7.609996479479264053e-01
3.000000000000000000e+00 -4.997979980922705678e+00 1.500000000000000000e+01 8.774509658758677944e-01
8.000000000000000000e+00 4.990037836005950744e+00 6.000000000000000000e+00 -2.885053164051334385e+00
0.000000000000000000e+00 -4.996654082608461778e+00 3.000000000000000000e+00 2.839942707831002444e+00
5.000000000000000000e+00 -4.999446716519933887e+00 9.000000000000000000e+00 -2.980936684795914449e+00
1.300000000000000000e+01 -4.996726449648138058e+00 9.000000000000000000e+00 3.279280527673885004e+00
1.900000000000000000e+01 4.997222618837604990e+00 4.000000000000000000e+00 4.192315044500372068e-01
7.000000000000000000e+00 -4.992048662583275842e+00 2.000000000000000000e+00 -2.856128341861588815e+00
