1.000000000000000000e+01 -4.997461301562158731e+00 1.300000000000000000e+01 6.466180671395509449e-01
1.800000000000000000e+01 4.991594395938747653e+00 1.000000000000000000e+01 -2.957722381860410810e+00
1.400000000000000000e+01 -4.999931165821670298e+00 6.000000000000000000e+00 -4.743952611744869152e+00
1.800000000000000000e+01 -4.998507668812285587e+00 2.000000000000000000e+00 -1.499049767029170255e-01
4.000000000000000000e+00 4.991699677074913133e+00 1.200000000000000000e+01 -1.053508041512531967e+00
2.000000000000000000e+00 -4.997073626341120622e+00 3.000000000000000000e+00 2.788915998091676229e+00
8.000000000000000000e+00 4.998621555429659580e+00 1.500000000000000000e+01 3.780346446692474771e+00
1.900000000000000000e+01 -4.998825954500791369e+00 1.200000000000000000e+01 3.211016348819839550e+00
7.000000000000000000e+00 -4.996353324625809833e+00 9.000000000000000000e+00 -2.904226538854877138e+00
1.500000000000000000e+01 -4.994823462758867905e+00 9.000000000000000000e+00 -2.783957465821111477e+00
2.000000000000000000e+00 -4.993297042952280052e+00 7.000000000000000000e+00 -3.542956436270821463e+00
1.100000000000000000e+01 4.997141904358857190e+00 8.000000000000000000e+00 -3.539273210735432773e+00
9.000000000000000000e+00 4.993010021178167612e+00 1.800000000000000000e+01 -1.890698327438837367e+00
1.000000000000000000e+00 -4.995717080151456102e+00 7.000000000000000000e+00 4.638509958884680984e+00
1.100000000000000000e+01 -4.993286496252895112e+00 1.400000000000000000e+01 -2.830194336364362240e+00
1.900000000000000000e+01 -4.997692559454590011e+00 1.600000000000000000e+01 4.582587112104162586e+00
1.000000000000000000e+01 4.994929138593017903e+00 1.200000000000000000e+01 3.405059871344933597e+00
1.000000000000000000e+01 -4.991436123818935755e+00 1.500000000000000000e+01 -4.057153451077483375e+00
6.000000000000000000e+00 -4.991625423070057188e+00 0.000000000000000000e+00 -4.196008306560037759e+00
5.000000000000000000e+00 4.994523762639335729e+00 3.000000000000000000e+00 3.017470760334470370e+00
3.000000000000000000e+00 4.994829116273855618e+00 9.000000000000000000e+00 1.090564913814350945e+00
1.900000000000000000e+01 4.997026363087183398e+00 1.100000000000000000e+01 -1.825940853559369081e+00
1.800000000000000000e+01 4.992407602587706883e+00 1.700000000000000000e+01 3.733817765337253292e+00
9.000000000000000000e+00 -4.997418348595195070e+00 1.200000000000000000e+01 -1.533951856773056566e+00
1.100000000000000000e+01 4.999543207961490765e+00 1.500000000000000000e+01 -4.033229977311639125e+00
3.000000000000000000e+00 4.992133984032880001e+00 1.700000000000000000e+01 3.906219256311031174e+00
0.000000000000000000e+00 -4.993304376221574081e+00 6.000000000000000000e+00 1.246973326513490576e+00
1.300000000000000000e+01 4.998844575200665830e+00 1.800000000000000000e+01 -4.249765723161251785e+00
3.000000000000000000e+00 4.993367264529363858e+00 1.700000000000000000e+01 -3.389015297534005988e+00
1.200000000000000000e+01 4.999577050582180604e+00 3.000000000000000000e+00 2.702987704714709949e+00
1.500000000000000000e+01 -4.996528034146888508e+00 1.200000000000000000e+01 -3.302544143545418365e-01
2.000000000000000000e+00 -4.996958056187597030e+00 0.000000000000000000e+00 4.434350804225543285e+00
1.900000000000000000e+01 4.992607721030563717e+00 4.000000000000000000e+00 2.205236084363026983e+00
1.200000000000000000e+01 4.990426891441710922e+00 1.100000000000000000e+01 4.604648039722240682e+00
6.000000000000000000e+00 -4.990286791210355233e+00 1.400000000000000000e+01 -2.666222881186943283e+00
4.000000000000000000e+00 -4.999493023961378846e+00 8.000000000000000000e+00 7.899948448505709209e-01
3.000000000000000000e+00 -4.992013328125032956e+00 1.400000000000000000e+01 4.464578869463121436e+00
1.800000000000000000e+01 -4.993963990984964241e+00 2.000000000000000000e+00 2.901811571231948328e+00
7.000000000000000000e+00 -4.995486738802176419e+00 9.000000000000000000e+00 3.200896195911049347e+00
9.000000000000000000e+00 4.993284951013735373e+00 1.500000000000000000e+01 4.018860272851577875e+00
2.000000000000000000e+00 -4.999511162037497236e+00 1.400000000000000000e+01 4.889013275820142113e+00
4.000000000000000000e+00 -4.999920675053608932e+00 1.400000000000000000e+01 1.777108258530740947e+00
1.500000000000000000e+01 -4.993804864250812159e+00 1.700000000000000000e+01 1.407678108389904814e+00
1.900000000000000000e+01 -4.994307823882026653e+00 1.200000000000000000e+01 -2.783653584449679030e-01
1.800000000000000000e+01 4.995185458062137762e+00 5.000000000000000000e+00 -1.836125269708835717e+00
5.000000000000000000e+00 -4.992778774810076037e+00 3.000000000000000000e+00 4.723678282686725183e-01
7.000000000000000000e+00 4.990343515396606477e+00 8.000000000000000000e+00 -1.859124033410612054e+00
9.000000000000000000e+00 -4.992492947568854866e+00 5.000000000000000000e+00 -1.768963821419188509e+00
1.900000000000000000e+01 4.993641986726871984e+00 4.000000000000000000e+00 9.311517745779891442e-01
1.600000000000000000e+01 4.995583847725963089e+00 1.700000000000000000e+01 -1.832912152343751711e+00
