7.000000000000000000e+00 4.991631829201046422e+00 1.400000000000000000e+01 7.189936924798798756e-01
3.000000000000000000e+00 -4.990033870469186894e+00 1.000000000000000000e+01 9.313773803700211573e-01
1.400000000000000000e+01 4.996670136017155706e+00 0.000000000000000000e+00 6.932826133025740134e-01
1.300000000000000000e+01 -4.996466823256564993e+00 5.000000000000000000e+00 -3.914697225354109023e-01
1.500000000000000000e+01 4.998228578157385193e+00 5.000000000000000000e+00 2.131979924307422891e+00
4.000000000000000000e+00 -4.990291503195178890e+00 1.900000000000000000e+01 2.710726611930832419e+00
1.500000000000000000e+01 4.993786881042471038e+00 4.000000000000000000e+00 3.242836172293518615e+00
1.000000000000000000e+01 4.996559805473488325e+00 1.700000000000000000e+01 -4.460795291782047478e+00
1.500000000000000000e+01 4.990746738343157851e+00 1.400000000000000000e+01 -5.683352213079135851e-01
9.000000000000000000e+00 4.993158952718419918e+00 1.200000000000000000e+01 4.073271262254589686e+00
1.000000000000000000e+01 -4.999082363386278871e+00 5.000000000000000000e+00 -4.049442908259747398e+00
8.000000000000000000e+00 4.998666059327498523e+00 1.500000000000000000e+01 6.503896398922748290e-01
5.000000000000000000e+00 4.995064953583454148e+00 1.200000000000000000e+01 -1.025503481254437688e+00
1.300000000000000000e+01 4.998618451259600803e+00 1.100000000000000000e+01 -2.173451445516439762e+00
1.500000000000000000e+01 -4.992985217344402926e+00 4.000000000000000000e+00 2.837348424777677458e+00
1.400000000000000000e+01 -4.998222087363479282e+00 1.300000000000000000e+01 -1.913044468009357235e+00
5.000000000000000000e+00 -4.997078982705391859e+00 0.000000000000000000e+00 4.649738520205520587e+00
1.800000000000000000e+01 4.991383360654149115e+00 9.000000000000000000e+00 -1.762821827196088265e-01
7.000000000000000000e+00 4.996301129615444481e+00 1.300000000000000000e+01 -1.889215317363778013e+00
4.000000000000000000e+00 4.991752715017393704e+00 2.000000000000000000e+00 -2.687574601228538640e+00
2.000000000000000000e+00 -4.998129894111095872e+00 8.000000000000000000e+00 -1.201417905938029662e+00
1.300000000000000000e+01 -4.991625990795403922e+00 1.200000000000000000e+01 2.286841614309858883e+00
4.000000000000000000e+00 -4.992388485947015120e+00 2.000000000000000000e+00 -1.950522929420522633e+00
1.400000000000000000e+01 4.994410273715010007e+00 1.200000000000000000e+01 -8.741588706714162882e-01
9.000000000000000000e+00 -4.998009975419524409e+00 1.100000000000000000e+01 3.849543158580290836e-01
5.000000000000000000e+00 -4.994549440600762225e+00 7.000000000000000000e+00 -2.703498452727894907e+00
1.700000000000000000e+01 4.990527545629770856e+00 4.000000000000000000e+00 1.173257836024277800e+00
1.000000000000000000e+01 -4.994734566761259487e+00 0.000000000000000000e+00 3.174846421409865727e+00
1.700000000000000000e+01 -4.994470815109404604e+00 1.800000000000000000e+01 -3.767964461353722427e+00
3.000000000000000000e+00 -4.994944478038553015e+00 9.000000000000000000e+00 3.683278708726451356e+00
8.000000000000000000e+00 4.992581153597440036e+00 1.900000000000000000e+01 2.984807943525745522e+00
2.000000000000000000e+00 4.996379247354270525e+00 1.000000000000000000e+00 4.638196451516085617e+00
1.400000000000000000e+01 -4.990317912998195382e+00 9.000000000000000000e+00 3.142322296647069635e+00
3.000000000000000000e+00 4.991589837660725948e+00 1.700000000000000000e+01 -1.535810242995010455e+00
1.200000000000000000e+01 4.999366090659189688e+00 5.000000000000000000e+00 -2.000169684710660700e+00
1.100000000000000000e+01 -4.990666514593654846e+00 1.400000000000000000e+01 -3.247036256725409409e+00
1.200000000000000000e+01 -4.991444175761406754e+00 1.500000000000000000e+01 2.611145488227128553e+00
9.000000000000000000e+00 4.997255843544951226e+00 1.200000000000000000e+01 4.032134026592110843e+00
3.000000000000000000e+00 4.998905267146001030e+00 0.000000000000000000e+00 4.749740299755531581e+00
1.600000000000000000e+01 -4.996720878713795777e+00 2.000000000000000000e+00 -2.590230885572954556e+00
7.000000000000000000e+00 4.997580944277001613e+00 4.000000000000000000e+00 4.173128941619294707e+00
1.100000000000000000e+01 -4.991665228868662041e+00 4.000000000000000000e+00 2.299737060681496637e+00
5.000000000000000000e+00 4.991608344861425905e+00 1.100000000000000000e+01 -2.996271303174700584e+00
1.600000000000000000e+01 -4.994597197569774494e+00 1.000000000000000000e+00 1.166292272395494933e+00
2.000000000000000000e+00 -4.993025803788356143e+00 1.000000000000000000e+01 2.493740349076661644e+00
1.400000000000000000e+01 4.991363776645414418e+00 5.000000000000000000e+00 -2.376007288653424698e+00
5.000000000000000000e+00 -4.997577522983742249e+00 1.600000000000000000e+01 -2.809734589369867308e+00
1.300000000000000000e+01 4.996839302050362974e+00 8.000000000000000000e+00 -3.907272335887200576e+00
8.000000000000000000e+00 -4.991245985792159168e+00 1.800000000000000000e+01 4.310565637355578517e+00
1.500000000000000000e+01 4.999805165899108950e+00 1.700000000000000000e+01 -1.924924229140062781e+00
