1.000000000000000000e+01 -4.991353037369248291e+00 5.000000000000000000e+00 1.995228279028329332e+00
1.300000000000000000e+01 -4.992403299390138827e+00 4.000000000000000000e+00 -2.432961077605118483e+00
1.400000000000000000e+01 4.999533607810938918e+00 1.100000000000000000e+01 6.840006271405574267e-01
8.000000000000000000e+00 4.990367649321501453e+00 1.000000000000000000e+00 4.054763076807279987e+00
3.000000000000000000e+00 4.990207745821780172e+00 0.000000000000000000e+00 -2.583016330303030905e+00
9.000000000000000000e+00 4.997240913676410656e+00 1.800000000000000000e+01 -3.511508335348079157e-01
1.500000000000000000e+01 -4.996669709022261152e+00 1.700000000000000000e+01 -2.733688556423470306e+00
6.000000000000000000e+00 4.990806280712178911e+00 8.000000000000000000e+00 3.449948866840570005e+00
1.300000000000000000e+01 4.997138878359890235e+00 1.100000000000000000e+01 -3.640826070942789539e+00
1.000000000000000000e+01 -4.991441185541513725e+00 6.000000000000000000e+00 4.833381169973206326e+00
3.000000000000000000e+00 -4.996782113058292119e+00 1.500000000000000000e+01 -1.943325881161872104e+00
6.000000000000000000e+00 4.991192364158942851e+00 4.000000000000000000e+00 -1.393974995682667473e+00
6.000000000000000000e+00 -4.994165778357460006e+00 1.500000000000000000e+01 -4.461557821555191872e+00
1.900000000000000000e+01 4.993537145347179518e+00 4.000000000000000000e+00 -2.078947185481726301e+00
1.900000000000000000e+01 4.992372085922827551e+00 1.300000000000000000e+01 -1.313964120180388662e-01
1.200000000000000000e+01 4.990171883326389946e+00 7.000000000000000000e+00 3.525034051959057280e+00
1.600000000000000000e+01 -4.997494054629703975e+00 1.800000000000000000e+01 1.233036826008087061e+00
7.000000000000000000e+00 -4.997024746633936587e+00 1.300000000000000000e+01 -3.456555728168472896e+00
1.300000000000000000e+01 4.997764914700612238e+00 0.000000000000000000e+00 -1.964929791966895767e+00
1.000000000000000000e+00 4.999567270598881841e+00 1.200000000000000000e+01 2.569473075187285183e+00
8.000000000000000000e+00 -4.995369212778334678e+00 1.300000000000000000e+01 -2.754037826616165585e+00
3.000000000000000000e+00 -4.998847471554825894e+00 1.000000000000000000e+00 4.548367428050770656e+00
1.400000000000000000e+01 -4.995568689191935086e+00 1.200000000000000000e+01 9.944948727464728577e-01
8.000000000000000000e+00 -4.999176351437707666e+00 1.400000000000000000e+01 3.901446562179044619e+00
5.000000000000000000e+00 -4.996733653112864992e+00 1.600000000000000000e+01 4.685477122094104274e+00
7.000000000000000000e+00 -4.998160215847256893e+00 5.000000000000000000e+00 1.501546731534091350e+00
6.000000000000000000e+00 -4.999363967635642503e+00 8.000000000000000000e+00 1.907517794522341603e+00
1.600000000000000000e+01 4.996892058240819168e+00 1.100000000000000000e+01 3.609279096135182385e+00
8.000000000000000000e+00 4.999885198053505064e+00 1.500000000000000000e+01 2.575645517245615856e+00
4.000000000000000000e+00 4.995353979085858320e+00 9.000000000000000000e+00 1.403610606406646255e+00
0.000000000000000000e+00 -4.991033208657026599e+00 3.000000000000000000e+00 4.861769107415385704e+00
1.800000000000000000e+01 -4.993887910183658185e+00 5.000000000000000000e+00 -1.765633208588086589e+00
2.000000000000000000e+00 4.992670657974315418e+00 9.000000000000000000e+00 2.169156249777481449e+00
1.200000000000000000e+01 4.998689643147837813e+00 1.100000000000000000e+01 -2.307110979695652375e+00
1.500000000000000000e+01 4.992910630092399771e+00 1.300000000000000000e+01 3.213981262372300307e+00
8.000000000000000000e+00 -4.999825045520358557e+00 1.600000000000000000e+01 2.729137874410368703e+00
3.000000000000000000e+00 -4.993791831101057177e+00 4.000000000000000000e+00 -4.749317422038551229e+00
1.500000000000000000e+01 -4.998523727714245801e+00 1.200000000000000000e+01 -1.770893230364608772e+00
4.000000000000000000e+00 4.995200515686229359e+00 5.000000000000000000e+00 -6.689173798111713865e-01
1.300000000000000000e+01 -4.998107152201495929e+00 3.000000000000000000e+00 3.645153307311320035e+00
8.000000000000000000e+00 -4.995809762528680587e+00 1.400000000000000000e+01 -7.973147705715089018e-02
1.100000000000000000e+01 4.993822735840187654e+00 8.000000000000000000e+00 -4.478787869728705573e+00
1.000000000000000000e+01 -4.994497912560314390e+00 4.000000000000000000e+00 4.084338849212164391e+00
7.000000000000000000e+00 4.996511472102699969e+00 1.800000000000000000e+01 4.796462161215520936e+00
1.900000000000000000e+01 -4.997355194492616448e+00 8.000000000000000000e+00 -4.952417582577339772e-02
8.000000000000000000e+00 -4.994364936898974427e+00 3.000000000000000000e+00 -1.816569809292475579e+00
0.000000000000000000e+00 -4.995407720230960358e+00 1.600000000000000000e+01 -2.397413410578036697e+00
1.500000000000000000e+01 4.995816477504148700e+00 6.000000000000000000e+00 4.824128521110395695e+00
7.000000000000000000e+00 -4.994586256806596403e+00 1.500000000000000000e+01 -4.873061814365621025e+00
1.000000000000000000e+00 4.998238087157305110e+00 2.000000000000000000e+00 -4.268490859109681068e+00
