1.200000000000000000e+01 -4.998271517691290633e+00 2.000000000000000000e+00 3.231344787650076711e+00
1.000000000000000000e+00 4.998029268695271199e+00 4.000000000000000000e+00 -3.929428072325604759e-01
1.100000000000000000e+01 -4.998098580461495466e+00 1.300000000000000000e+01 1.751641991044354363e+00
1.300000000000000000e+01 -4.990042443694495233e+00 1.100000000000000000e+01 2.616953083589221407e+00
1.700000000000000000e+01 4.997334163640600124e+00 5.000000000000000000e+00 -2.387863024189360139e+00
3.000000000000000000e+00 -4.991902035776637270e+00 2.000000000000000000e+00 -1.281755094808806117e+00
3.000000000000000000e+00 4.999732170447536816e+00 1.000000000000000000e+01 1.008310539487829338e+00
4.000000000000000000e+00 -4.999988370875767529e+00 0.000000000000000000e+00 -3.293830873780549950e-01
0.000000000000000000e+00 -4.995212233003405444e+00 9.000000000000000000e+00 -4.758575756223133446e+00
1.900000000000000000e+01 4.999704732694336684e+00 1.500000000000000000e+01 -1.092637149664810181e-02
1.100000000000000000e+01 4.997017814301525362e+00 7.000000000000000000e+00 1.862097310232267766e+00
1.500000000000000000e+01 -4.990888327514547029e+00 1.100000000000000000e+01 -4.131316772523134340e+00
3.000000000000000000e+00 -4.997296779687645518e+00 8.000000000000000000e+00 1.735996091311598377e+00
1.000000000000000000e+00 4.997633859604503570e+00 9.000000000000000000e+00 3.230421558973539220e+00
1.500000000000000000e+01 -4.992081440433030259e+00 3.000000000000000000e+00 -3.800781711094483928e+00
3.000000000000000000e+00 -4.999064914251854397e+00 2.000000000000000000e+00 2.001283030142556818e+00
6.000000000000000000e+00 4.992626887933684365e+00 1.100000000000000000e+01 2.154079004054169744e+00
1.900000000000000000e+01 -4.999180449337746523e+00 1.100000000000000000e+01 4.622391671616581377e+00
1.900000000000000000e+01 4.991513709442818580e+00 1.400000000000000000e+01 2.447079273206157701e+00
1.000000000000000000e+01 -4.999838571105383878e+00 5.000000000000000000e+00 9.180679549684427343e-01
1.700000000000000000e+01 4.997104769649081568e+00 1.100000000000000000e+01 -3.793092685756764837e-01
1.400000000000000000e+01 4.991024495985622700e+00 1.200000000000000000e+01 7.165957338564865609e-02
1.100000000000000000e+01 4.991574702618994053e+00 1.600000000000000000e+01 3.771905901489624569e+00
1.700000000000000000e+01 -4.991915046959315205e+00 1.300000000000000000e+01 3.330002655631874475e+00
1.100000000000000000e+01 4.990281341672429427e+00 9.000000000000000000e+00 3.381513585502094799e+00
1.500000000000000000e+01 -4.996621531705968344e+00 6.000000000000000000e+00 -2.684236907149865736e+00
1.600000000000000000e+01 -4.999891037998133392e+00 1.900000000000000000e+01 -4.273591903817326454e-01
1.100000000000000000e+01 -4.995981489232445227e+00 6.000000000000000000e+00 1.101410367505517129e+00
1.000000000000000000e+00 4.996863443689460560e+00 1.100000000000000000e+01 -1.299457149504377185e-01
2.000000000000000000e+00 -4.994040802990409311e+00 1.200000000000000000e+01 2.876784870633546376e+00
1.000000000000000000e+01 4.992665095037146727e+00 1.200000000000000000e+01 4.063825945565309183e-01
1.300000000000000000e+01 4.999719291073999372e+00 7.000000000000000000e+00 -1.775580589230147943e+00
9.000000000000000000e+00 4.990564005956113824e+00 4.000000000000000000e+00 3.048514976209778737e+00
1.000000000000000000e+00 4.998041850699938671e+00 1.200000000000000000e+01 4.363905484007535307e+00
9.000000000000000000e+00 -4.999336389153853588e+00 1.600000000000000000e+01 1.575647968160921231e+00
1.700000000000000000e+01 4.997268061200771605e+00 1.500000000000000000e+01 1.844226467498779165e+00
4.000000000000000000e+00 4.999456437999147518e+00 3.000000000000000000e+00 -4.565971647346882989e+00
5.000000000000000000e+00 4.997836392590615517e+00 4.000000000000000000e+00 -3.815696082272479472e+00
1.800000000000000000e+01 -4.992267781061764609e+00 1.000000000000000000e+01 -4.212813375012385286e+00
1.100000000000000000e+01 4.990492483601342677e+00 1.500000000000000000e+01 4.548433147344367100e+00
1.500000000000000000e+01 -4.995787193805422355e+00 1.200000000000000000e+01 -2.502753394750207860e-01
1.900000000000000000e+01 -4.997116407538111815e+00 9.000000000000000000e+00 -8.658853884298203241e-01
1.100000000000000000e+01 4.995485336826365419e+00 3.000000000000000000e+00 -3.929924506445225063e+00
1.800000000000000000e+01 4.992290374006958409e+00 1.200000000000000000e+01 4.011321270300269859e+00
1.900000000000000000e+01 -4.991445782664334807e+00 3.000000000000000000e+00 -3.533744104870512714e+00
5.000000000000000000e+00 4.998538962218550097e+00 1.000000000000000000e+00 -1.729457130889838101e+00
1.600000000000000000e+01 -4.995928575992623522e+00 1.900000000000000000e+01 -3.981449866426313378e+00
8.000000000000000000e+00 -4.995325399360861951e+00 1.800000000000000000e+01 -3.185971195120485433e+00
5.000000000000000000e+00 4.997995634788609642e+00 1.000000000000000000e+01 3.271818132859319661e+00
1.500000000000000000e+01 -4.992850031880033512e+00 1.000000000000000000e+00 -4.581323809437365391e+00
