1.200000000000000000e+01 4.998354320249831062e+00 6.000000000000000000e+00 -2.937020411318769231e+00
1.300000000000000000e+01 4.992966309896988975e+00 1.900000000000000000e+01 -1.598176116297428173e+00
1.300000000000000000e+01 -4.995036876398391890e+00 8.000000000000000000e+00 3.791476711647906228e+00
1.900000000000000000e+01 -4.999463557174794737e+00 9.000000000000000000e+00 -4.689676935179448058e+00
4.000000000000000000e+00 4.995623760730633300e+00 1.400000000000000000e+01 2.079105938093265493e+00
3.000000000000000000e+00 -4.992472804898903327e+00 1.900000000000000000e+01 -2.454118913647693745e-01
1.700000000000000000e+01 4.997313318585029585e+00 1.000000000000000000e+01 -4.537343451708106379e+00
5.000000000000000000e+00 -4.992199606617824692e+00 2.000000000000000000e+00 -3.245841632457818093e+00
1.600000000000000000e+01 4.996664655900506347e+00 8.000000000000000000e+00 1.872484728232937101e-01
1.400000000000000000e+01 -4.992518011876074802e+00 1.600000000000000000e+01 2.283061227612217081e+00
1.000000000000000000e+01 4.994155750722345743e+00 3.000000000000000000e+00 -3.333136105380047454e+00
1.000000000000000000e+00 4.994481335276793388e+00 1.000000000000000000e+01 -1.417297539053457900e+00
1.000000000000000000e+01 -4.995247036798464713e+00 1.800000000000000000e+01 1.459382805230810654e+00
0.000000000000000000e+00 4.995452454798843256e+00 9.000000000000000000e+00 -4.269465131304102101e-01
4.000000000000000000e+00 4.998847658391043502e+00 6.000000000000000000e+00 -2.147387600407218322e+00
1.600000000000000000e+01 -4.994734998538251425e+00 3.000000000000000000e+00 9.647420183974197982e-02
1.200000000000000000e+01 4.996277299873804978e+00 7.000000000000000000e+00 -1.309144360231360160e+00
7.000000000000000000e+00 -4.991032174706956148e+00 4.000000000000000000e+00 2.164278824843555604e+00
8.000000000000000000e+00 4.991027997299362085e+00 3.000000000000000000e+00 -8.642778578770311526e-01
6.000000000000000000e+00 -4.995793985589474850e+00 1.700000000000000000e+01 3.413133142403770748e+00
1.300000000000000000e+01 -4.996513506112270520e+00 2.000000000000000000e+00 -4.733945982493946936e+00
1.000000000000000000e+01 -4.998693017119629545e+00 3.000000000000000000e+00 -3.622961545815201134e+00
1.100000000000000000e+01 4.992336626454122239e+00 1.900000000000000000e+01 -4.719168543564137508e+00
1.000000000000000000e+01 -4.991742646008961337e+00 3.000000000000000000e+00 2.669891508738897912e+00
1.700000000000000000e+01 -4.999358715840310552e+00 8.000000000000000000e+00 4.485709699718832155e+00
6.000000000000000000e+00 -4.993278679557960231e+00 8.000000000000000000e+00 4.457587220726724198e+00
1.300000000000000000e+01 4.999069026750456501e+00 1.700000000000000000e+01 4.302429361544675146e+00
5.000000000000000000e+00 4.999802476632331683e+00 1.100000000000000000e+01 1.072284740936060743e+00
3.000000000000000000e+00 4.992091031589874106e+00 1.900000000000000000e+01 2.564838431145868292e+00
1.000000000000000000e+01 -4.990540464305119883e+00 4.000000000000000000e+00 4.867465831479520944e+00
8.000000000000000000e+00 -4.996513320636442934e+00 1.900000000000000000e+01 -9.287983037580982426e-02
3.000000000000000000e+00 -4.992190518773984564e+00 1.000000000000000000e+01 3.706685853284218624e+00
2.000000000000000000e+00 4.996771416675851007e+00 3.000000000000000000e+00 -3.250330448286510077e+00
5.000000000000000000e+00 4.996915293109894129e+00 1.200000000000000000e+01 -2.909681139636219882e+00
3.000000000000000000e+00 -4.992539949619488659e+00 1.400000000000000000e+01 2.555383411698484153e+00
1.900000000000000000e+01 -4.999282320000435043e+00 7.000000000000000000e+00 7.395666495865595991e-01
6.000000000000000000e+00 4.995703856112819530e+00 9.000000000000000000e+00 -3.291921707088479199e+00
0.000000000000000000e+00 4.992258115748646752e+00 1.100000000000000000e+01 -3.738396929793412760e+00
4.000000000000000000e+00 4.999236472721334756e+00 6.000000000000000000e+00 8.736409131092504055e-02
4.000000000000000000e+00 4.994395860266327425e+00 1.000000000000000000e+00 -3.292855299734861241e+00
1.500000000000000000e+01 4.994235734460092502e+00 7.000000000000000000e+00 1.613577637023579925e+00
1.700000000000000000e+01 4.994326031693260504e+00 6.000000000000000000e+00 4.460539594547549669e+00
4.000000000000000000e+00 -4.995148319353343247e+00 1.500000000000000000e+01 4.662372461396760315e+00
1.200000000000000000e+01 -4.999169989776055090e+00 1.100000000000000000e+01 -1.605873603650580073e+00
1.700000000000000000e+01 4.996068395794771355e+00 1.800000000000000000e+01 4.867657250876415986e+00
4.000000000000000000e+00 -4.995505220594020912e+00 9.000000000000000000e+00 -1.597716890857654892e+00
2.000000000000000000e+00 -4.996233198700346101e+00 1.600000000000000000e+01 -4.590958346300975990e+00
5.000000000000000000e+00 -4.992672521756239767e+00 1.600000000000000000e+01 3.932374016422318874e+00
1.000000000000000000e+01 -4.993698641711903363e+00 9.000000000000000000e+00 2.598482191722887968e+00
1.300000000000000000e+01 -4.996647589344215490e+00 1.100000000000000000e+01 -3.788664408199211131e+00
