1.200000000000000000e+01 -4.995626308335786803e+00 1.000000000000000000e+00 2.779873658727749941e+00
1.600000000000000000e+01 4.998629288950013461e+00 0.000000000000000000e+00 -2.944053114575481356e+00
0.000000000000000000e+00 -4.994837690023049781e+00 5.000000000000000000e+00 2.741650623018977662e+00
1.700000000000000000e+01 -4.998923421040458948e+00 1.000000000000000000e+00 3.749117120059478836e+00
1.200000000000000000e+01 -4.994533195269903914e+00 1.000000000000000000e+01 3.335896310166996059e+00
5.000000000000000000e+00 4.997541685809751222e+00 0.000000000000000000e+00 4.057920570672985505e+00
7.000000000000000000e+00 -4.998088340354200021e+00 1.400000000000000000e+01 3.496359249887053267e-01
7.000000000000000000e+00 -4.996516837672042577e+00 8.000000000000000000e+00 4.182416509474535360e+00
1.200000000000000000e+01 -4.997935529788690268e+00 8.000000000000000000e+00 3.433585562837828675e-01
7.000000000000000000e+00 4.991563722313399509e+00 1.200000000000000000e+01 6.211708988576809531e-01
6.000000000000000000e+00 -4.997296609898214115e+00 7.000000000000000000e+00 -3.260100046847282496e+00
1.300000000000000000e+01 4.990018678160443422e+00 1.400000000000000000e+01 -6.838096904743933280e-01
1.800000000000000000e+01 4.990640841543508621e+00 1.300000000000000000e+01 1.798031696944384805e+00
1.000000000000000000e+01 4.999705961026247536e+00 2.000000000000000000e+00 -7.426811805886153195e-01
1.300000000000000000e+01 -4.999151527541451756e+00 0.000000000000000000e+00 -8.512140441261628609e-02
1.000000000000000000e+01 4.996375890081510285e+00 7.000000000000000000e+00 4.522174151862165203e+00
1.400000000000000000e+01 -4.994528691100101447e+00 1.600000000000000000e+01 1.140420978713239109e-01
1.200000000000000000e+01 -4.994161766658089974e+00 9.000000000000000000e+00 4.116925933864479248e-02
1.000000000000000000e+01 4.997865598747799787e+00 1.500000000000000000e+01 1.310566836202748497e+00
1.700000000000000000e+01 -4.993268090546147064e+00 8.000000000000000000e+00 1.657603855781236035e+00
1.100000000000000000e+01 4.993295989836313176e+00 1.700000000000000000e+01 -2.264131119477532206e+00
1.800000000000000000e+01 -4.992233284315926056e+00 4.000000000000000000e+00 -4.600725770753486543e-01
1.800000000000000000e+01 -4.997926482216112021e+00 5.000000000000000000e+00 1.303944066495056120e+00
7.000000000000000000e+00 -4.992570617127119803e+00 9.000000000000000000e+00 -4.803167853336391069e+00
1.800000000000000000e+01 -4.991444869956279007e+00 1.200000000000000000e+01 -1.361779011975796205e+00
1.600000000000000000e+01 4.990648490371619062e+00 1.400000000000000000e+01 4.381068778464193514e+00
1.000000000000000000e+00 4.992885353166927942e+00 8.000000000000000000e+00 -3.063598999219409258e+00
7.000000000000000000e+00 4.997546398801460121e+00 0.000000000000000000e+00 -3.161432445474137154e+00
7.000000000000000000e+00 -4.996783536301360407e+00 1.900000000000000000e+01 -3.420367473489783539e+00
8.000000000000000000e+00 -4.998032890924336336e+00 1.400000000000000000e+01 -3.715943756873487214e+00
1.100000000000000000e+01 -4.995393138212290474e+00 1.500000000000000000e+01 2.176524628617304558e-01
1.700000000000000000e+01 -4.991375177297205923e+00 2.000000000000000000e+00 -1.587771368535396910e+00
8.000000000000000000e+00 4.995528163387456644e+00 1.800000000000000000e+01 -3.171752270745297420e+00
8.000000000000000000e+00 4.999870909883283865e+00 3.000000000000000000e+00 3.279600092701395297e+00
1.600000000000000000e+01 -4.997304090373040353e+00 1.400000000000000000e+01 1.169237629323420791e-01
1.600000000000000000e+01 -4.998370382496816866e+00 1.700000000000000000e+01 -1.963190367414787918e+00
3.000000000000000000e+00 -4.990464252302364123e+00 0.000000000000000000e+00 -8.875131129898807814e-01
3.000000000000000000e+00 4.999418410060348705e+00 2.000000000000000000e+00 6.076363191521592100e-01
1.400000000000000000e+01 4.993920293459872539e+00 1.200000000000000000e+01 -3.901759799926950656e+00
1.000000000000000000e+01 4.995584912684885914e+00 1.800000000000000000e+01 -3.022774552167345696e+00
2.000000000000000000e+00 4.998029695075037360e+00 9.000000000000000000e+00 3.849459169056613561e+00
3.000000000000000000e+00 4.994410561310696828e+00 1.500000000000000000e+01 -3.866124988694440212e+00
1.100000000000000000e+01 4.992028466852000967e+00 1.000000000000000000e+00 2.405077557407405031e+00
1.500000000000000000e+01 4.996028916069777281e+00 3.000000000000000000e+00 3.044402761412705161e+00
1.100000000000000000e+01 4.999760348969205737e+00 6.000000000000000000e+00 -3.869662551801383188e+00
1.600000000000000000e+01 -4.994984711677518341e+00 1.100000000000000000e+01 1.926450380436109278e+00
5.000000000000000000e+00 -4.996657812857515424e+00 1.600000000000000000e+01 4.730168860949174103e+00
1.700000000000000000e+01 4.999822751069803672e+00 4.000000000000000000e+00 6.647979793357112754e-01
1.100000000000000000e+01 -4.994573558857432261e+00 1.200000000000000000e+01 -2.454010960853345580e-01
1.500000000000000000e+01 -4.994100097292156093e+00 6.000000000000000000e+00 -3.282239760256544514e-02
