4.000000000000000000e+00 -4.993125424164523096e+00 1.600000000000000000e+01 -1.516981119830015157e+00
1.100000000000000000e+01 4.991406060691007340e+00 1.900000000000000000e+01 -4.598474423248446463e+00
1.600000000000000000e+01 4.991601236223193183e+00 1.900000000000000000e+01 2.479733550938454378e+00
1.700000000000000000e+01 4.992023188741978146e+00 1.600000000000000000e+01 1.671003663329986288e+00
1.600000000000000000e+01 4.996068910836917176e+00 2.000000000000000000e+00 -3.088651309080617580e+00
6.000000000000000000e+00 -4.996041569103464752e+00 1.800000000000000000e+01 3.237735293802165515e+00
1.900000000000000000e+01 -4.992329979426070707e+00 3.000000000000000000e+00 -7.621568411549013433e-01
1.900000000000000000e+01 4.997052766614888952e+00 2.000000000000000000e+00 2.140825225864296577e+00
1.700000000000000000e+01 -4.991365369242744876e+00 1.500000000000000000e+01 3.661398758512630636e-01
1.400000000000000000e+01 -4.990861139217122044e+00 9.000000000000000000e+00 -3.877917705411452420e+00
1.900000000000000000e+01 4.999761802046441161e+00 1.000000000000000000e+01 -2.132122757175487937e+00
1.300000000000000000e+01 4.992994295553679684e+00 1.800000000000000000e+01 2.158997973975503193e+00
1.600000000000000000e+01 -4.998473195007413494e+00 1.200000000000000000e+01 2.540306044818604114e+00
0.000000000000000000e+00 4.990882045162776670e+00 2.000000000000000000e+00 -3.587982761341379501e-01
7.000000000000000000e+00 -4.998856526397565503e+00 1.500000000000000000e+01 -1.272286827068147108e+00
4.000000000000000000e+00 -4.999348013279934833e+00 1.900000000000000000e+01 1.024200268655385493e+00
1.900000000000000000e+01 -4.991592062981328404e+00 1.300000000000000000e+01 3.618816494168280329e+00
1.600000000000000000e+01 4.994254012319935043e+00 0.000000000000000000e+00 4.846183818051651215e+00
0.000000000000000000e+00 4.999560145418950441e+00 1.200000000000000000e+01 -4.600879707275388419e+00
1.700000000000000000e+01 4.997992274209025254e+00 9.000000000000000000e+00 -2.077151441309635249e+00
2.000000000000000000e+00 -4.998856050419016483e+00 0.000000000000000000e+00 -2.963825403341838083e+00
5.000000000000000000e+00 -4.997579375723740114e+00 1.800000000000000000e+01 -4.467833022102857932e+00
1.800000000000000000e+01 -4.992557982296592201e+00 3.000000000000000000e+00 -7.162070739490431492e-01
3.000000000000000000e+00 4.993411910485420435e+00 2.000000000000000000e+00 3.759100957445829394e+00
1.700000000000000000e+01 -4.998359023196430329e+00 2.000000000000000000e+00 -3.025178906703045456e-01
7.000000000000000000e+00 4.995253421094281165e+00 4.000000000000000000e+00 2.600114585603968465e+00
1.800000000000000000e+01 -4.992434917625986124e+00 2.000000000000000000e+00 2.162625053364478411e+00
3.000000000000000000e+00 4.990585534052408789e+00 1.000000000000000000e+00 -1.589561487919466387e-01
1.000000000000000000e+00 -4.992453356733150827e+00 1.800000000000000000e+01 -2.136288174177418675e+00
0.000000000000000000e+00 4.992963142755486139e+00 1.800000000000000000e+01 -2.941275841414445757e+00
1.700000000000000000e+01 4.996661587598508092e+00 1.200000000000000000e+01 -1.173696646548881173e+00
1.800000000000000000e+01 -4.991885736152979369e+00 9.000000000000000000e+00 -1.031469291250087572e+00
8.000000000000000000e+00 -4.999156110141227849e+00 0.000000000000000000e+00 -2.958745871229906399e-01
1.100000000000000000e+01 -4.990899694562609845e+00 1.500000000000000000e+01 -2.582120663471243471e+00
1.000000000000000000e+00 -4.991791631055392919e+00 1.700000000000000000e+01 3.778241741382068142e+00
5.000000000000000000e+00 4.992031243415955721e+00 0.000000000000000000e+00 3.264141313153693602e+00
3.000000000000000000e+00 -4.996165736888362296e+00 1.800000000000000000e+01 -4.489269027437788218e+00
1.000000000000000000e+01 4.994378188916504868e+00 1.800000000000000000e+01 8.088974672278279598e-01
5.000000000000000000e+00 -4.997938779869245174e+00 1.200000000000000000e+01 2.917437549826897403e+00
1.900000000000000000e+01 4.994923879091380137e+00 1.000000000000000000e+00 4.411913141591021770e+00
1.100000000000000000e+01 -4.998305668817240921e+00 1.900000000000000000e+01 -3.787810870824692699e-01
7.000000000000000000e+00 4.991002802774501923e+00 1.600000000000000000e+01 1.899830494434073813e-02
1.700000000000000000e+01 -4.994778602296030989e+00 6.000000000000000000e+00 2.910310976286173634e+00
1.300000000000000000e+01 -4.992107886940572392e+00 1.000000000000000000e+01 1.708827727016997144e-01
0.000000000000000000e+00 -4.996857733554374903e+00 1.300000000000000000e+01 -9.831987708195750741e-01
1.300000000000000000e+01 4.992218140089456746e+00 1.200000000000000000e+01 3.265256788838463820e+00
1.400000000000000000e+01 4.994684628971308271e+00 0.000000000000000000e+00 -1.284252660101814936e+00
1.000000000000000000e+01 4.992450631960533514e+00 3.000000000000000000e+00 1.685571357871447518e+00
1.700000000000000000e+01 -4.996774880304968747e+00 0.000000000000000000e+00 4.696268855896855499e+00
1.200000000000000000e+01 -4.995389621784550371e+00 3.000000000000000000e+00 1.091948261867811354e+00
