1.600000000000000000e+01 4.992365116215424337e+00 2.000000000000000000e+00 -2.089600487342394342e+00
8.000000000000000000e+00 -4.994367780252151334e+00 0.000000000000000000e+00 4.351245926415945320e-01
1.000000000000000000e+01 4.992253732948118916e+00 1.900000000000000000e+01 4.654780793641062786e+00
8.000000000000000000e+00 4.995821373290509015e+00 0.000000000000000000e+00 -3.495876322231370459e+00
8.000000000000000000e+00 -4.997611779879939320e+00 5.000000000000000000e+00 -2.110251234111313323e-01
1.000000000000000000e+00 4.991453471486192228e+00 1.300000000000000000e+01 -1.708865353186427072e+00
6.000000000000000000e+00 4.998527587559067342e+00 1.000000000000000000e+01 3.768328713599826685e+00
4.000000000000000000e+00 -4.990735014955761883e+00 1.000000000000000000e+01 -1.092807831127781792e+00
4.000000000000000000e+00 -4.999680026001273703e+00 1.200000000000000000e+01 4.131926356007623369e+00
1.000000000000000000e+00 4.997484655258698893e+00 8.000000000000000000e+00 3.267846722294166284e+00
1.100000000000000000e+01 -4.996119038933040990e+00 5.000000000000000000e+00 5.298828517455786979e-01
8.000000000000000000e+00 4.999858486266301583e+00 1.400000000000000000e+01 2.764765882018997090e+00
1.500000000000000000e+01 4.992637015026535785e+00 6.000000000000000000e+00 3.846833341480671464e+00
2.000000000000000000e+00 4.996219241466923755e+00 1.000000000000000000e+00 -9.071439796772988728e-01
1.400000000000000000e+01 -4.992059436775853953e+00 7.000000000000000000e+00 3.725266218255008255e+00
1.000000000000000000e+00 -4.992819090216920941e+00 8.000000000000000000e+00 4.113507649828120449e+00
1.300000000000000000e+01 -4.997597689512981667e+00 4.000000000000000000e+00 3.252412182726338585e-02
0.000000000000000000e+00 -4.997550697471161207e+00 1.400000000000000000e+01 -1.415595907158215816e+00
1.200000000000000000e+01 4.995953148039874669e+00 1.000000000000000000e+01 -4.468717081757952236e+00
1.800000000000000000e+01 -4.998595933386864587e+00 1.400000000000000000e+01 -2.651898389431501801e+00
1.100000000000000000e+01 -4.995986330932649544e+00 8.000000000000000000e+00 3.772288368381330415e+00
1.600000000000000000e+01 4.997499200306890543e+00 4.000000000000000000e+00 2.614322121471506222e-01
1.200000000000000000e+01 -4.993278935031327137e+00 4.000000000000000000e+00 3.516914213985661064e+00
9.000000000000000000e+00 -4.991219760314327125e+00 7.000000000000000000e+00 1.519122923394149005e+00
0.000000000000000000e+00 -4.999178774589270624e+00 2.000000000000000000e+00 9.174303249820079387e-01
4.000000000000000000e+00 -4.999377668891283655e+00 1.000000000000000000e+00 -8.661772242242227193e-01
1.000000000000000000e+00 4.997860850155493750e+00 1.700000000000000000e+01 1.573027026136038842e+00
1.900000000000000000e+01 4.995260071060793727e+00 0.000000000000000000e+00 -4.847850763610874303e+00
1.200000000000000000e+01 -4.997700684701500862e+00 9.000000000000000000e+00 -2.282876295460647853e+00
7.000000000000000000e+00 4.998878954135003383e+00 1.500000000000000000e+01 1.458475867890918209e+00
1.000000000000000000e+00 4.993579625160124102e+00 6.000000000000000000e+00 -2.273047085430997427e+00
1.100000000000000000e+01 -4.995284357878667869e+00 2.000000000000000000e+00 1.843850858820947458e+00
1.700000000000000000e+01 4.992603730232653803e+00 1.900000000000000000e+01 1.681331585053468913e+00
1.700000000000000000e+01 4.994804484504300923e+00 3.000000000000000000e+00 -9.580164969434257216e-02
6.000000000000000000e+00 4.995567131762085999e+00 1.000000000000000000e+00 -6.121579656836111383e-01
1.000000000000000000e+00 4.998049219603842630e+00 1.600000000000000000e+01 5.613200012797987526e-01
0.000000000000000000e+00 -4.993614363195005623e+00 1.100000000000000000e+01 -3.722597917336313511e+00
1.700000000000000000e+01 4.999434973584145681e+00 1.000000000000000000e+01 -4.341862623243706309e+00
1.000000000000000000e+01 -4.997396865763315432e+00 1.600000000000000000e+01 4.898455144362147351e+00
1.500000000000000000e+01 -4.998663238793161767e+00 1.000000000000000000e+01 -3.328723166625901175e+00
9.000000000000000000e+00 4.995618360962107651e+00 1.900000000000000000e+01 -4.049980697062531831e+00
1.000000000000000000e+01 4.995270353244909423e+00 1.500000000000000000e+01 7.920104895017781033e-01
1.700000000000000000e+01 4.990982994855231780e+00 1.200000000000000000e+01 -5.995093915976195120e-01
3.000000000000000000e+00 -4.999284909230544471e+00 1.100000000000000000e+01 -2.424137365380673259e+00
0.000000000000000000e+00 -4.993682479433623200e+00 1.100000000000000000e+01 -3.478096881058403866e+00
1.300000000000000000e+01 -4.999293312750126006e+00 6.000000000000000000e+00 -1.126735086134994734e+00
3.000000000000000000e+00 -4.999219461750673332e+00 1.200000000000000000e+01 -1.516229327362911938e+00
8.000000000000000000e+00 -4.993285362499600311e+00 5.000000000000000000e+00 9.781838455820004441e-01
6.000000000000000000e+00 -4.990357030669467342e+00 7.000000000000000000e+00 -4.154120706776190275e+00
1.300000000000000000e+01 4.994087524149993129e+00 7.000000000000000000e+00 -1.402286237616880094e+00
