3.000000000000000000e+00 4.998409809421198169e+00 1.300000000000000000e+01 -6.454820257249949123e-02
1.200000000000000000e+01 -4.996926810693523180e+00 1.000000000000000000e+01 -4.593389207319210854e+00
1.800000000000000000e+01 -4.997606979794589677e+00 1.700000000000000000e+01 -1.731000631816299595e+00
1.100000000000000000e+01 -4.995544063273746005e+00 1.300000000000000000e+01 5.234133034446539767e-01
4.000000000000000000e+00 4.997855662021967404e+00 2.000000000000000000e+00 -4.240995573061041135e+00
1.900000000000000000e+01 4.999061803791217784e+00 8.000000000000000000e+00 1.978529336172352160e-01
8.000000000000000000e+00 -4.993285880871144222e+00 7.000000000000000000e+00 1.589352730742762176e+00
7.000000000000000000e+00 4.999156608483775521e+00 1.300000000000000000e+01 -3.554366679536666851e-01
1.400000000000000000e+01 -4.996850121463903172e+00 1.300000000000000000e+01 1.564812028541034294e+00
1.200000000000000000e+01 -4.991880852662013979e+00 1.600000000000000000e+01 -2.524930151781930920e+00
1.200000000000000000e+01 -4.997585697385248160e+00 8.000000000000000000e+00 -3.840449099126920895e+00
6.000000000000000000e+00 -4.995358930970143163e+00 1.700000000000000000e+01 4.819621932063361314e+00
1.700000000000000000e+01 -4.997391216129644320e+00 1.000000000000000000e+01 -5.564610707343673468e-01
0.000000000000000000e+00 -4.997756055261444175e+00 1.400000000000000000e+01 1.817314308679526924e+00
1.800000000000000000e+01 -4.998794277580680401e+00 1.000000000000000000e+00 2.947968633770015501e+00
5.000000000000000000e+00 4.999865185847478521e+00 1.300000000000000000e+01 4.239882166276325748e+00
1.200000000000000000e+01 -4.998525810816010662e+00 1.500000000000000000e+01 -2.723562723138268193e+00
1.000000000000000000e+01 4.999483864791790744e+00 1.800000000000000000e+01 6.753589386020397711e-01
1.300000000000000000e+01 -4.993181983133151647e+00 1.000000000000000000e+01 -3.010843692027284746e+00
8.000000000000000000e+00 -4.992344407884004021e+00 1.400000000000000000e+01 1.683432100475945603e-01
4.000000000000000000e+00 4.999758014057891664e+00 1.800000000000000000e+01 -1.849460852665119059e+00
3.000000000000000000e+00 -4.999727025977420247e+00 1.800000000000000000e+01 2.584491971720117576e+00
2.000000000000000000e+00 4.996519761810733762e+00 1.500000000000000000e+01 -3.454057051612224427e+00
0.000000000000000000e+00 -4.990491499438419076e+00 1.900000000000000000e+01 -2.250966023088531998e-01
6.000000000000000000e+00 -4.997850510899555232e+00 2.000000000000000000e+00 3.188783832358302206e+00
1.100000000000000000e+01 4.990810538769832938e+00 4.000000000000000000e+00 3.944033105120062999e+00
1.300000000000000000e+01 -4.992355446701226995e+00 4.000000000000000000e+00 -4.705824109510281517e+00
1.400000000000000000e+01 4.990180487172150237e+00 7.000000000000000000e+00 -3.052859339633140046e+00
2.000000000000000000e+00 -4.993008999813816295e+00 9.000000000000000000e+00 3.454374656588603543e+00
0.000000000000000000e+00 4.998229105260776350e+00 1.000000000000000000e+01 2.952562579441551094e+00
1.600000000000000000e+01 -4.998476216460334243e+00 1.500000000000000000e+01 4.458008716947544414e+00
1.400000000000000000e+01 4.994234467323535931e+00 1.000000000000000000e+00 -4.030796097153139357e+00
7.000000000000000000e+00 4.996476897220110125e+00 1.000000000000000000e+00 4.491844162254741590e+00
1.000000000000000000e+01 4.997080698410670152e+00 3.000000000000000000e+00 -3.955261601262955118e+00
4.000000000000000000e+00 -4.992228000392155529e+00 6.000000000000000000e+00 -3.855720581564137994e+00
0.000000000000000000e+00 -4.990470195459724145e+00 3.000000000000000000e+00 -2.005215124335775645e+00
1.500000000000000000e+01 -4.997413812435035574e+00 1.700000000000000000e+01 -2.002829826935540680e+00
8.000000000000000000e+00 4.991244080877168976e+00 1.600000000000000000e+01 -1.073152389779127969e+00
5.000000000000000000e+00 4.993666989627302932e+00 0.000000000000000000e+00 2.283105564669035026e+00
1.000000000000000000e+01 4.994275483515949965e+00 8.000000000000000000e+00 5.612225546372036078e-01
1.600000000000000000e+01 -4.998026857031280912e+00 3.000000000000000000e+00 2.254390493080915547e+00
3.000000000000000000e+00 -4.999990208487147036e+00 4.000000000000000000e+00 4.672030478565988076e+00
1.000000000000000000e+00 4.996894858369448578e+00 0.000000000000000000e+00 1.738614539128096936e+00
0.000000000000000000e+00 -4.995369074247794750e+00 1.300000000000000000e+01 1.955567632419519697e+00
3.000000000000000000e+00 -4.997630150419276163e+00 5.000000000000000000e+00 -3.471576976213179400e+00
2.000000000000000000e+00 -4.999917429996694196e+00 5.000000000000000000e+00 2.127442207623777115e+00
1.000000000000000000e+01 -4.992835904799284741e+00 8.000000000000000000e+00 -3.483891562431375100e+00
1.800000000000000000e+01 4.995109083822119267e+00 1.400000000000000000e+01 -4.074421140110707107e+00
1.500000000000000000e+01 4.995314792098007217e+00 1.600000000000000000e+01 -1.258629626739775631e+00
1.300000000000000000e+01 -4.993863039737458820e+00 0.000000000000000000e+00 -4.665694654846736178e+00
