1.100000000000000000e+01 -4.999276425855538442e+00 8.000000000000000000e+00 1.837393998341221746e+00
9.000000000000000000e+00 4.998542576799582804e+00 1.000000000000000000e+01 4.134938191840612731e+00
1.600000000000000000e+01 -4.996987977989819640e+00 1.400000000000000000e+01 -3.099513687165292630e+00
1.100000000000000000e+01 4.990299046536412320e+00 6.000000000000000000e+00 1.598466810010652495e+00
1.600000000000000000e+01 4.998822572631746119e+00 1.400000000000000000e+01 -3.461987392886545667e+00
1.000000000000000000e+01 4.992688682362439678e+00 1.500000000000000000e+01 -4.913900843058086387e+00
1.100000000000000000e+01 4.999711486806034166e+00 5.000000000000000000e+00 -1.429157146788455179e+00
1.700000000000000000e+01 4.993184246929866177e+00 7.000000000000000000e+00 -1.864504645975947117e+00
1.000000000000000000e+00 4.994455425314870745e+00 8.000000000000000000e+00 -7.775952339707012939e-01
0.000000000000000000e+00 -4.995287510900458194e+00 1.200000000000000000e+01 -2.686432525957946904e+00
1.000000000000000000e+00 -4.998840095455990173e+00 1.300000000000000000e+01 2.247410991424273696e+00
1.300000000000000000e+01 4.996374345688498586e+00 1.000000000000000000e+01 -1.280240385236912637e+00
1.200000000000000000e+01 4.990998198523833196e+00 1.100000000000000000e+01 4.870377145656243911e+00
6.000000000000000000e+00 4.991114638761960265e+00 9.000000000000000000e+00 3.980842000270408576e+00
1.900000000000000000e+01 4.993436857628107184e+00 1.600000000000000000e+01 4.045209617344587727e+00
0.000000000000000000e+00 -4.991535351445452129e+00 7.000000000000000000e+00 2.270950477709134496e+00
1.300000000000000000e+01 4.999278646771879941e+00 3.000000000000000000e+00 -2.535155515048918229e+00
4.000000000000000000e+00 -4.995132084739555722e+00 1.500000000000000000e+01 2.901046289157420688e+00
2.000000000000000000e+00 4.996302112175048826e+00 8.000000000000000000e+00 5.712506970474251489e-02
5.000000000000000000e+00 -4.991701826833303990e+00 1.000000000000000000e+01 -3.903145725463025517e+00
3.000000000000000000e+00 4.997278914209064560e+00 1.200000000000000000e+01 -2.382862290249380344e+00
1.200000000000000000e+01 4.991433760955851895e+00 0.000000000000000000e+00 9.007944132250722546e-01
1.900000000000000000e+01 -4.994769472171705971e+00 1.200000000000000000e+01 -1.997402507711437902e+00
1.900000000000000000e+01 4.994908063367318185e+00 1.100000000000000000e+01 8.322205833901286098e-02
7.000000000000000000e+00 -4.995328029363001576e+00 1.700000000000000000e+01 -3.129802063352238761e+00
1.000000000000000000e+00 -4.994406582237141734e+00 1.200000000000000000e+01 2.907878912893724355e+00
2.000000000000000000e+00 4.995560572472543370e+00 4.000000000000000000e+00 -4.194903033360717792e+00
1.700000000000000000e+01 -4.995148139313566382e+00 9.000000000000000000e+00 3.495588039582115059e+00
1.300000000000000000e+01 4.995095352721684812e+00 1.100000000000000000e+01 -3.809841370155328200e+00
6.000000000000000000e+00 4.998183463466881804e+00 1.000000000000000000e+00 4.318236129351813446e+00
1.500000000000000000e+01 -4.993014069315494297e+00 1.900000000000000000e+01 -4.143503592999937979e+00
1.400000000000000000e+01 4.996516594640961983e+00 5.000000000000000000e+00 2.502093712703789663e+00
1.700000000000000000e+01 4.991233319359428933e+00 1.900000000000000000e+01 3.500733558894335573e+00
1.900000000000000000e+01 4.990233750257464074e+00 2.000000000000000000e+00 4.510371507346787823e+00
3.000000000000000000e+00 -4.990488067372996994e+00 1.500000000000000000e+01 1.969387610949542733e+00
1.900000000000000000e+01 4.996910991354353904e+00 8.000000000000000000e+00 -2.090645827863863992e+00
1.300000000000000000e+01 -4.998704640611269845e+00 1.500000000000000000e+01 2.063656866762193509e+00
1.700000000000000000e+01 -4.994195742140378869e+00 4.000000000000000000e+00 -4.721558654661306420e-01
1.000000000000000000e+00 4.994509336556756551e+00 1.000000000000000000e+01 -2.809315181245057857e+00
1.500000000000000000e+01 -4.998761211122990211e+00 7.000000000000000000e+00 1.072884598227755504e+00
3.000000000000000000e+00 4.992717978717434058e+00 1.000000000000000000e+01 1.408325854536667698e+00
1.600000000000000000e+01 -4.991907062526182770e+00 9.000000000000000000e+00 -4.109525657090999928e-01
1.700000000000000000e+01 -4.992927322647915389e+00 9.000000000000000000e+00 2.642462935095541532e+00
5.000000000000000000e+00 -4.993282982390320868e+00 1.500000000000000000e+01 1.840901878837081007e+00
2.000000000000000000e+00 4.990521651443387441e+00 1.200000000000000000e+01 -4.005025707775110355e+00
1.000000000000000000e+01 4.998187012901690984e+00 1.400000000000000000e+01 -5.144838145853469769e-01
1.700000000000000000e+01 -4.995388881489111199e+00 7.000000000000000000e+00 4.730645817537990183e+00
2.000000000000000000e+00 -4.992408565139791143e+00 1.600000000000000000e+01 3.933685450656602356e+00
1.300000000000000000e+01 4.995056117424421238e+00 4.000000000000000000e+00 3.450939268164598062e+00
1.000000000000000000e+00 -4.990055485145014735e+00 1.500000000000000000e+01 -9.367338350943184011e-01
