6.000000000000000000e+00 -4.992871129375433981e+00 1.900000000000000000e+01 -2.849506493332999213e+00
1.000000000000000000e+01 4.994200657748366190e+00 1.400000000000000000e+01 4.835565693683404831e+00
1.300000000000000000e+01 -4.991937171687441221e+00 5.000000000000000000e+00 2.029722100264200080e+00
3.000000000000000000e+00 -4.990835059339174151e+00 4.000000000000000000e+00 3.582960282522046569e+00
9.000000000000000000e+00 4.998066369970125322e+00 5.000000000000000000e+00 2.861266888489190308e+00
1.000000000000000000e+01 -4.992322703300998477e+00 1.600000000000000000e+01 4.749690271770678152e+00
1.700000000000000000e+01 -4.996719862907982090e+00 9.000000000000000000e+00 1.783853506231984909e-01
1.700000000000000000e+01 -4.999520423627206611e+00 7.000000000000000000e+00 -4.379098915125268832e+00
7.000000000000000000e+00 4.990512700113780120e+00 9.000000000000000000e+00 -9.773748668471622381e-01
1.000000000000000000e+01 -4.994973614165848730e+00 5.000000000000000000e+00 9.797425239639165895e-01
2.000000000000000000e+00 4.995802216718447930e+00 1.700000000000000000e+01 4.736102719334853717e-01
7.000000000000000000e+00 4.998001853314329779e+00 1.000000000000000000e+01 4.478229835198204611e+00
9.000000000000000000e+00 -4.993764580381466978e+00 1.800000000000000000e+01 2.517064730809603468e+00
1.700000000000000000e+01 4.992110339936881580e+00 4.000000000000000000e+00 1.045548103048474786e+00
1.600000000000000000e+01 4.998766871017272351e+00 1.500000000000000000e+01 -3.553800729245645051e+00
1.700000000000000000e+01 4.999915141166292543e+00 8.000000000000000000e+00 3.894057268627101109e+00
1.200000000000000000e+01 -4.991317341253041384e+00 4.000000000000000000e+00 -3.340980571752337092e+00
3.000000000000000000e+00 -4.998590842600335371e+00 7.000000000000000000e+00 1.072016984533044948e+00
2.000000000000000000e+00 4.999320670789967558e+00 7.000000000000000000e+00 4.094767514816336273e+00
1.000000000000000000e+00 4.999657383884814621e+00 1.400000000000000000e+01 -1.449873355402765185e+00
1.300000000000000000e+01 4.992809572815335883e+00 4.000000000000000000e+00 -4.591566424990060291e+00
1.500000000000000000e+01 -4.997003967001475644e+00 2.000000000000000000e+00 -2.385442684754588871e+00
1.200000000000000000e+01 4.995455021437802401e+00 1.100000000000000000e+01 6.598917132234349836e-01
2.000000000000000000e+00 4.993142510229850117e+00 1.300000000000000000e+01 8.807024004234191850e-01
1.900000000000000000e+01 -4.990569738791458043e+00 1.600000000000000000e+01 4.351479162442206672e-01
1.600000000000000000e+01 -4.997296445750974314e+00 1.500000000000000000e+01 -4.233194198445099588e+00
4.000000000000000000e+00 -4.990725752184403952e+00 1.700000000000000000e+01 4.017272066931241170e+00
1.600000000000000000e+01 4.992791880123635728e+00 1.200000000000000000e+01 -1.863155104269624829e-01
8.000000000000000000e+00 4.991256534537749978e+00 2.000000000000000000e+00 2.263990482032850693e+00
1.000000000000000000e+01 -4.992591955471071152e+00 1.000000000000000000e+00 -1.896084801019863875e+00
1.000000000000000000e+00 4.993419659166718816e+00 1.700000000000000000e+01 -3.667948970878094350e+00
1.700000000000000000e+01 4.998755049816628215e+00 7.000000000000000000e+00 1.581585628182126335e+00
1.500000000000000000e+01 4.996640998057293004e+00 8.000000000000000000e+00 1.952994041305809780e+00
1.700000000000000000e+01 4.996391480607774938e+00 1.300000000000000000e+01 -3.585989047488226333e+00
1.000000000000000000e+01 4.994980185033577769e+00 1.300000000000000000e+01 -8.602153809484507363e-01
1.700000000000000000e+01 -4.995190369226039984e+00 9.000000000000000000e+00 -4.598991311003389093e+00
7.000000000000000000e+00 4.999379886693690267e+00 1.400000000000000000e+01 -4.551450071874410419e+00
1.400000000000000000e+01 4.999508654103827610e+00 6.000000000000000000e+00 2.155852216397136090e+00
1.000000000000000000e+00 4.994319021880785137e+00 1.500000000000000000e+01 6.099486237949056644e-01
1.200000000000000000e+01 4.991530878781443192e+00 7.000000000000000000e+00 -6.572662759745888650e-01
3.000000000000000000e+00 4.995014549269826354e+00 2.000000000000000000e+00 -3.636567615623826910e-01
8.000000000000000000e+00 4.993727744409783398e+00 1.500000000000000000e+01 -1.591838382860828460e-01
7.000000000000000000e+00 -4.999221567174270575e+00 1.200000000000000000e+01 -2.508504599550613889e-01
0.000000000000000000e+00 -4.993996732347046219e+00 1.500000000000000000e+01 4.665111146441205392e+00
1.900000000000000000e+01 -4.991816885440576890e+00 1.000000000000000000e+01 -4.731316265639345708e+00
8.000000000000000000e+00 4.992952078334042199e+00 4.000000000000000000e+00 -4.869541090854671239e+00
1.500000000000000000e+01 4.992288840914213210e+00 6.000000000000000000e+00 2.189141745312526588e+00
1.800000000000000000e+01 4.990236742563463501e+00 1.100000000000000000e+01 -1.858443359212633705e+00
7.000000000000000000e+00 -4.993056080546291575e+00 1.600000000000000000e+01 -2.340744170892616882e+00
1.000000000000000000e+01 -4.999185023797361183e+00 8.000000000000000000e+00 1.123896627881555865e+00
