1.600000000000000000e+01 -4.999653631140582810e+00 -1.000000000000000000e+00 -1.000000000000000000e+00
4.000000000000000000e+00 -4.992628880895015442e+00 -1.000000000000000000e+00 -1.000000000000000000e+00
3.000000000000000000e+00 4.993093336147689243e+00 -1.000000000000000000e+00 -1.000000000000000000e+00
5.000000000000000000e+00 4.994621579733480310e+00 -1.000000000000000000e+00 -1.000000000000000000e+00
7.000000000000000000e+00 -4.993411841142731511e+00 -1.000000000000000000e+00 -1.000000000000000000e+00
8.000000000000000000e+00 4.999161299022302885e+00 -1.000000000000000000e+00 -1.000000000000000000e+00
1.100000000000000000e+01 -4.998086876918967469e+00 -1.000000000000000000e+00 -1.000000000000000000e+00
1.000000000000000000e+00 -4.995265392123359405e+00 -1.000000000000000000e+00 -1.000000000000000000e+00
1.300000000000000000e+01 4.998491495202763701e+00 -1.000000000000000000e+00 -1.000000000000000000e+00
4.000000000000000000e+00 -4.990101261987129888e+00 -1.000000000000000000e+00 -1.000000000000000000e+00
9.000000000000000000e+00 4.992355729708541467e+00 -1.000000000000000000e+00 -1.000000000000000000e+00
1.000000000000000000e+01 -4.996964868096173795e+00 -1.000000000000000000e+00 -1.000000000000000000e+00
5.000000000000000000e+00 4.997201388037448844e+00 -1.000000000000000000e+00 -1.000000000000000000e+00
9.000000000000000000e+00 -4.990564723512041390e+00 -1.000000000000000000e+00 -1.000000000000000000e+00
1.600000000000000000e+01 4.997828690060626577e+00 -1.000000000000000000e+00 -1.000000000000000000e+00
1.400000000000000000e+01 -4.999511311086500598e+00 -1.000000000000000000e+00 -1.000000000000000000e+00
1.900000000000000000e+01 -4.993943992383568009e+00 -1.000000000000000000e+00 -1.000000000000000000e+00
1.100000000000000000e+01 -4.991268280843268457e+00 -1.000000000000000000e+00 -1.000000000000000000e+00
4.000000000000000000e+00 -4.995592333422919751e+00 -1.000000000000000000e+00 -1.000000000000000000e+00
1.600000000000000000e+01 4.993292053698034749e+00 -1.000000000000000000e+00 -1.000000000000000000e+00
1.700000000000000000e+01 4.994907489059825068e+00 -1.000000000000000000e+00 -1.000000000000000000e+00
4.000000000000000000e+00 4.994149020871743616e+00 -1.000000000000000000e+00 -1.000000000000000000e+00
5.000000000000000000e+00 4.996875678081055483e+00 -1.000000000000000000e+00 -1.000000000000000000e+00
1.100000000000000000e+01 -4.999151532736512138e+00 -1.000000000000000000e+00 -1.000000000000000000e+00
1.300000000000000000e+01 4.996006904269938431e+00 -1.000000000000000000e+00 -1.000000000000000000e+00
1.000000000000000000e+01 4.999486753370491421e+00 -1.000000000000000000e+00 -1.000000000000000000e+00
1.800000000000000000e+01 4.997920716338074776e+00 -1.000000000000000000e+00 -1.000000000000000000e+00
1.600000000000000000e+01 -4.998399099609470930e+00 -1.000000000000000000e+00 -1.000000000000000000e+00
1.500000000000000000e+01 4.995113084930751235e+00 -1.000000000000000000e+00 -1.000000000000000000e+00
1.400000000000000000e+01 4.994916837693850198e+00 -1.000000000000000000e+00 -1.000000000000000000e+00
0.000000000000000000e+00 4.993942049234753711e+00 -1.000000000000000000e+00 -1.000000000000000000e+00
1.200000000000000000e+01 -4.992186625110822007e+00 -1.000000000000000000e+00 -1.000000000000000000e+00
3.000000000000000000e+00 4.992756868622614697e+00 -1.000000000000000000e+00 -1.000000000000000000e+00
5.000000000000000000e+00 -4.995728257395763094e+00 -1.000000000000000000e+00 -1.000000000000000000e+00
1.700000000000000000e+01 -4.994582010225726343e+00 -1.000000000000000000e+00 -1.000000000000000000e+00
1.700000000000000000e+01 -4.998702782704850911e+00 -1.000000000000000000e+00 -1.000000000000000000e+00
3.000000000000000000e+00 4.990018126644420349e+00 -1.000000000000000000e+00 -1.000000000000000000e+00
1.700000000000000000e+01 -4.998183266410613612e+00 -1.000000000000000000e+00 -1.000000000000000000e+00
1.400000000000000000e+01 -4.996674630762054647e+00 -1.000000000000000000e+00 -1.000000000000000000e+00
1.300000000000000000e+01 -4.992160664426290140e+00 -1.000000000000000000e+00 -1.000000000000000000e+00
1.900000000000000000e+01 -4.994175291030014563e+00 -1.000000000000000000e+00 -1.000000000000000000e+00
1.000000000000000000e+01 -4.991124075615879896e+00 -1.000000000000000000e+00 -1.000000000000000000e+00
4.000000000000000000e+00 4.990684160310883577e+00 -1.000000000000000000e+00 -1.000000000000000000e+00
1.500000000000000000e+01 -4.998673162909817336e+00 -1.000000000000000000e+00 -1.000000000000000000e+00
2.000000000000000000e+00 -4.998538639876908718e+00 -1.000000000000000000e+00 -1.000000000000000000e+00
8.000000000000000000e+00 4.997777725524814585e+00 -1.000000000000000000e+00 -1.000000000000000000e+00
1.000000000000000000e+00 -4.996276879297933071e+00 -1.000000000000000000e+00 -1.000000000000000000e+00
1.300000000000000000e+01 -4.991254053103613586e+00 -1.000000000000000000e+00 -1.000000000000000000e+00
1.600000000000000000e+01 -4.999849768521461790e+00 -1.000000000000000000e+00 -1.000000000000000000e+00
1.600000000000000000e+01 -4.991892932084869727e+00 -1.000000000000000000e+00 -1.000000000000000000e+00
