3.000000000000000000e+00 -4.993241881399446136e+00 1.700000000000000000e+01 -1.716379120969548921e-01
1.600000000000000000e+01 4.990744000707493022e+00 2.000000000000000000e+00 6.160187056295640673e-01
1.000000000000000000e+00 -4.995617196777625502e+00 1.500000000000000000e+01 -3.856375106943911391e+00
1.700000000000000000e+01 -4.992249719367137573e+00 8.000000000000000000e+00 2.919855390346712376e+00
9.000000000000000000e+00 -4.992282539171074340e+00 6.000000000000000000e+00 -3.111511376426829845e+00
6.000000000000000000e+00 -4.990877990382721840e+00 0.000000000000000000e+00 4.608125951628613493e+00
7.000000000000000000e+00 -4.998875050010953558e+00 5.000000000000000000e+00 -2.313695626960925011e+00
3.000000000000000000e+00 4.995892842241513421e+00 4.000000000000000000e+00 -5.177730640771986970e-01
0.000000000000000000e+00 4.994055479219641214e+00 1.500000000000000000e+01 4.465197199017026719e+00
1.000000000000000000e+01 4.993905049953133890e+00 3.000000000000000000e+00 -2.862119116741934199e+00
9.000000000000000000e+00 -4.990958370997004678e+00 4.000000000000000000e+00 2.740760800794403096e+00
5.000000000000000000e+00 -4.992406947397689976e+00 1.900000000000000000e+01 2.229513430959775278e+00
1.000000000000000000e+01 4.991625562341060807e+00 6.000000000000000000e+00 2.935836700480424888e+00
1.600000000000000000e+01 4.996787432623701619e+00 9.000000000000000000e+00 -1.285552768952525238e+00
2.000000000000000000e+00 4.999348425963952458e+00 1.000000000000000000e+01 -2.033328149509206817e+00
8.000000000000000000e+00 4.998973795952133869e+00 1.800000000000000000e+01 2.559724372059464237e+00
1.900000000000000000e+01 4.999660548822538964e+00 9.000000000000000000e+00 -1.500796499489962521e+00
7.000000000000000000e+00 4.999612166065643848e+00 5.000000000000000000e+00 3.120569512236071930e+00
9.000000000000000000e+00 4.999907076937603279e+00 1.800000000000000000e+01 -1.947368671270526264e-01
7.000000000000000000e+00 4.998440554561613069e+00 1.400000000000000000e+01 2.171248167465909873e+00
1.600000000000000000e+01 4.998843708752079174e+00 1.400000000000000000e+01 -2.843146636037991559e+00
2.000000000000000000e+00 4.997396841077995866e+00 5.000000000000000000e+00 4.146436849175975325e+00
2.000000000000000000e+00 4.993900479006486037e+00 6.000000000000000000e+00 -4.701794367228523619e+00
1.100000000000000000e+01 -4.992635998857579693e+00 1.400000000000000000e+01 -1.213939405941917293e+00
1.400000000000000000e+01 4.999313701887427186e+00 1.000000000000000000e+00 2.581383713888681264e+00
1.300000000000000000e+01 4.993248835648967265e+00 1.700000000000000000e+01 3.239319589944607003e-01
1.500000000000000000e+01 -4.992817765929141949e+00 1.300000000000000000e+01 2.306429614700675756e-01
6.000000000000000000e+00 -4.990595428017563506e+00 5.000000000000000000e+00 2.322135009390017935e+00
1.400000000000000000e+01 4.998019606647218893e+00 1.000000000000000000e+00 2.773889007805596663e-02
1.500000000000000000e+01 4.992772646361982147e+00 1.300000000000000000e+01 -9.604495666996193393e-02
1.200000000000000000e+01 4.991471314283506544e+00 1.700000000000000000e+01 2.784546380731489634e-01
6.000000000000000000e+00 -4.991803184151770267e+00 1.200000000000000000e+01 -3.953099166742488180e+00
1.000000000000000000e+00 4.991674927127289330e+00 1.800000000000000000e+01 -3.178382379397497903e+00
0.000000000000000000e+00 -4.996303763528606723e+00 2.000000000000000000e+00 -8.406718313628962491e-01
1.100000000000000000e+01 -4.992885971514394505e+00 1.200000000000000000e+01 -8.187782737200066663e-01
1.700000000000000000e+01 4.993829394096114704e+00 1.000000000000000000e+01 1.897948857299713410e+00
1.200000000000000000e+01 -4.993622974947524717e+00 1.700000000000000000e+01 3.808078694871177561e-01
6.000000000000000000e+00 4.999760020628086998e+00 1.300000000000000000e+01 -3.189816473953975162e+00
3.000000000000000000e+00 -4.995156212716112876e+00 1.000000000000000000e+01 2.120775125653297621e+00
7.000000000000000000e+00 -4.997271024933130690e+00 0.000000000000000000e+00 3.615481949261232231e+00
2.000000000000000000e+00 -4.994207982383637834e+00 4.000000000000000000e+00 -4.562259990868099635e+00
1.800000000000000000e+01 -4.992404075148131781e+00 1.600000000000000000e+01 1.364289722073242395e+00
5.000000000000000000e+00 -4.998657214890229739e+00 9.000000000000000000e+00 -4.791161404278723168e-01
1.500000000000000000e+01 -4.992014901855303499e+00 1.000000000000000000e+00 1.703615738917527267e+00
1.900000000000000000e+01 -4.995988600722651718e+00 1.000000000000000000e+00 1.531548841239743552e+00
1.800000000000000000e+01 4.999937291654432236e+00 1.000000000000000000e+00 -1.080357388708457655e+00
0.000000000000000000e+00 -4.992427674563217010e+00 7.000000000000000000e+00 -1.408330860646311855e+00
1.700000000000000000e+01 4.997800300939451823e+00 5.000000000000000000e+00 2.960853778755894616e+00
1.500000000000000000e+01 -4.999929644232747883e+00 8.000000000000000000e+00 -2.943806681133349201e+00
1.000000000000000000e+01 -4.999885406542830424e+00 1.700000000000000000e+01 -1.710959225073964696e+00
