2.000000000000000000e+00 4.990897236057125319e+00 9.000000000000000000e+00 4.284129916124348014e+00
6.000000000000000000e+00 -4.998715966647355735e+00 1.300000000000000000e+01 -1.233836863717116650e+00
9.000000000000000000e+00 4.996941764186404455e+00 1.100000000000000000e+01 -3.454403691641541929e+00
1.800000000000000000e+01 4.995050165863515801e+00 5.000000000000000000e+00 7.140920603055391780e-01
4.000000000000000000e+00 4.996859117768106984e+00 1.900000000000000000e+01 -3.328918482184373140e+00
6.000000000000000000e+00 -4.991435381509519154e+00 2.000000000000000000e+00 1.159827094635891065e+00
0.000000000000000000e+00 -4.998362333722718986e+00 1.300000000000000000e+01 -1.080357527158970932e+00
2.000000000000000000e+00 4.996074392932631447e+00 9.000000000000000000e+00 4.923779879226266587e+00
1.100000000000000000e+01 -4.998792148676434621e+00 2.000000000000000000e+00 -1.034732293999701902e+00
5.000000000000000000e+00 4.993424984452883741e+00 1.600000000000000000e+01 4.546418017839231496e+00
1.300000000000000000e+01 4.993982593083883259e+00 1.000000000000000000e+00 3.523929679936237847e+00
1.000000000000000000e+00 4.996515554932243752e+00 1.800000000000000000e+01 -3.460587346269280218e+00
1.000000000000000000e+01 4.991290599405355799e+00 8.000000000000000000e+00 1.321464359874876315e+00
1.500000000000000000e+01 -4.996733370204948343e+00 1.600000000000000000e+01 2.266961687138362436e-01
1.500000000000000000e+01 -4.993946081897146172e+00 2.000000000000000000e+00 7.938199450409690883e-01
1.700000000000000000e+01 4.996209230243293220e+00 2.000000000000000000e+00 -6.457800762211007850e-02
1.200000000000000000e+01 4.990449075555546621e+00 2.000000000000000000e+00 3.821178341486067609e+00
1.600000000000000000e+01 4.997350369264519365e+00 1.100000000000000000e+01 -2.594236485773766532e+00
1.000000000000000000e+01 4.995449006244297330e+00 6.000000000000000000e+00 -3.731552031526505608e+00
0.000000000000000000e+00 4.990726645262920869e+00 4.000000000000000000e+00 1.687011017455722239e+00
9.000000000000000000e+00 -4.994354737832008340e+00 1.700000000000000000e+01 -2.143954806585846029e+00
1.900000000000000000e+01 4.995612967619210920e+00 1.600000000000000000e+01 -3.326742813532441723e+00
7.000000000000000000e+00 -4.990719424559951101e+00 1.700000000000000000e+01 3.835430205460099273e+00
0.000000000000000000e+00 4.990067968691139555e+00 9.000000000000000000e+00 -2.635449445987854578e+00
1.500000000000000000e+01 -4.994190491665982279e+00 6.000000000000000000e+00 -3.193998534549012724e+00
1.300000000000000000e+01 -4.995862835914423705e+00 1.000000000000000000e+01 2.460735764801057712e+00
7.000000000000000000e+00 -4.997532809277758226e+00 1.200000000000000000e+01 -4.123922712849776850e+00
0.000000000000000000e+00 -4.991453560085418850e+00 2.000000000000000000e+00 -1.187298983526234863e+00
1.200000000000000000e+01 4.992513338694644531e+00 1.300000000000000000e+01 2.399430893495415162e+00
1.100000000000000000e+01 -4.999204417546126322e+00 1.300000000000000000e+01 -1.963970159180858932e+00
1.600000000000000000e+01 -4.990612727117841985e+00 1.700000000000000000e+01 2.849695983398707888e+00
1.700000000000000000e+01 4.992403225929624710e+00 8.000000000000000000e+00 2.716381660841541645e+00
6.000000000000000000e+00 -4.997991121920535740e+00 7.000000000000000000e+00 -2.230229641434280374e+00
1.600000000000000000e+01 4.992782009453740955e+00 1.200000000000000000e+01 -1.423430084946152085e+00
1.800000000000000000e+01 4.998823587329466633e+00 1.300000000000000000e+01 2.195975403357843803e-01
0.000000000000000000e+00 4.997674697389488330e+00 1.200000000000000000e+01 -3.434180782670892107e+00
1.000000000000000000e+00 -4.992273242481566342e+00 6.000000000000000000e+00 4.576951031603092801e+00
9.000000000000000000e+00 -4.992344491016519115e+00 1.300000000000000000e+01 3.531642461019997015e-01
1.400000000000000000e+01 4.990655341439039105e+00 1.100000000000000000e+01 -4.866910099371160925e+00
4.000000000000000000e+00 -4.996449850586991204e+00 1.100000000000000000e+01 4.967742111203968136e+00
1.100000000000000000e+01 -4.992771608489739776e+00 1.500000000000000000e+01 4.352281599671863788e+00
1.200000000000000000e+01 -4.995380562767869570e+00 2.000000000000000000e+00 -1.413875925302239711e+00
1.300000000000000000e+01 -4.990762534686091989e+00 1.800000000000000000e+01 5.644392134360636248e-01
3.000000000000000000e+00 4.996279306028586831e+00 1.100000000000000000e+01 -2.559598686096300035e+00
3.000000000000000000e+00 4.997631895439387684e+00 0.000000000000000000e+00 -2.002555022649318062e+00
1.700000000000000000e+01 4.997228994763972310e+00 1.600000000000000000e+01 -2.804492364550315919e+00
9.000000000000000000e+00 -4.992907258244307478e+00 1.900000000000000000e+01 -1.862594383113425067e-01
3.000000000000000000e+00 4.996658613140841254e+00 0.000000000000000000e+00 -3.749124214847354253e+00
7.000000000000000000e+00 4.990874645521886421e+00 9.000000000000000000e+00 -3.221393728892866903e+00
1.000000000000000000e+00 -4.995501480582065668e+00 9.000000000000000000e+00 -1.655802198605193620e+00
