1.600000000000000000e+01 4.997003263079538016e+00 0.000000000000000000e+00 2.795714939933175103e+00
1.200000000000000000e+01 -4.995281089160550358e+00 5.000000000000000000e+00 -1.885940972319004594e+00
8.000000000000000000e+00 4.996457935554373897e+00 1.000000000000000000e+00 2.679559895455693841e+00
1.800000000000000000e+01 -4.996791861615333730e+00 1.100000000000000000e+01 -3.895960125709136967e+00
1.900000000000000000e+01 -4.999023391944246164e+00 6.000000000000000000e+00 3.276625511310985672e+00
6.000000000000000000e+00 -4.996254658981848173e+00 0.000000000000000000e+00 -3.702770085923958288e+00
3.000000000000000000e+00 4.993451929235255271e+00 8.000000000000000000e+00 1.960403825762769614e+00
4.000000000000000000e+00 4.998037302349476185e+00 2.000000000000000000e+00 1.923029154963288079e+00
9.000000000000000000e+00 4.999057174245876034e+00 1.000000000000000000e+01 -2.811398858396770173e+00
8.000000000000000000e+00 -4.993619455883865577e+00 1.200000000000000000e+01 -1.616340574949082676e+00
2.000000000000000000e+00 -4.996044205413190831e+00 1.000000000000000000e+00 1.861503536743183140e+00
1.500000000000000000e+01 4.996403761668995358e+00 1.900000000000000000e+01 -4.187782722756338671e+00
1.500000000000000000e+01 4.995936082214469387e+00 0.000000000000000000e+00 7.355150532139740349e-01
2.000000000000000000e+00 -4.994101027974553908e+00 1.800000000000000000e+01 -1.039973042299360273e-01
5.000000000000000000e+00 4.996393298567650909e+00 7.000000000000000000e+00 1.267500121520402701e+00
1.400000000000000000e+01 -4.994517895778929351e+00 7.000000000000000000e+00 3.750334142382001801e+00
1.800000000000000000e+01 4.990282857337446032e+00 1.300000000000000000e+01 2.330786140185870714e+00
5.000000000000000000e+00 4.995011367102173416e+00 9.000000000000000000e+00 2.690376811475550412e+00
1.300000000000000000e+01 4.996759148838572528e+00 1.100000000000000000e+01 -1.586593354680970958e+00
1.000000000000000000e+01 4.997769517930989558e+00 1.200000000000000000e+01 9.452109902851599799e-01
8.000000000000000000e+00 -4.993116988139960633e+00 1.100000000000000000e+01 1.657100651041246486e+00
1.000000000000000000e+01 4.992820058569244601e+00 1.800000000000000000e+01 3.638672301833254963e+00
1.100000000000000000e+01 -4.994211623930454813e+00 1.500000000000000000e+01 -1.675232282143015006e+00
1.300000000000000000e+01 4.995586962756373595e+00 1.000000000000000000e+01 3.177438546575851674e+00
1.500000000000000000e+01 4.998115964754514806e+00 1.000000000000000000e+01 3.903563127287112522e+00
1.600000000000000000e+01 4.992302216594092457e+00 2.000000000000000000e+00 6.182744589126096812e-01
1.200000000000000000e+01 4.997792073337151919e+00 1.500000000000000000e+01 3.210807627061313951e-01
1.400000000000000000e+01 4.993181866321958040e+00 1.100000000000000000e+01 -1.793397307742865987e+00
1.700000000000000000e+01 4.999275831028967332e+00 2.000000000000000000e+00 -1.939045384865337951e+00
1.000000000000000000e+00 -4.990044193908097725e+00 2.000000000000000000e+00 -2.699700743769873679e+00
8.000000000000000000e+00 4.999386388458719743e+00 3.000000000000000000e+00 -2.994038828487897597e+00
7.000000000000000000e+00 -4.992114518124792788e+00 0.000000000000000000e+00 6.594768189557944638e-01
8.000000000000000000e+00 -4.995410298936488580e+00 1.100000000000000000e+01 3.998287165356297024e+00
1.500000000000000000e+01 -4.990156134400763221e+00 1.300000000000000000e+01 -3.934544968229047424e+00
8.000000000000000000e+00 4.990136732468019254e+00 1.800000000000000000e+01 1.203684062056874282e+00
6.000000000000000000e+00 4.993720965644751431e+00 7.000000000000000000e+00 7.042152508942089995e-01
1.900000000000000000e+01 -4.994480609131533910e+00 1.500000000000000000e+01 -3.193189332917841128e+00
1.900000000000000000e+01 4.998194219309938013e+00 1.600000000000000000e+01 -2.365048963856115627e+00
1.600000000000000000e+01 -4.993944394641695261e+00 3.000000000000000000e+00 -1.606809508620186122e-01
8.000000000000000000e+00 4.992739827938341257e+00 1.900000000000000000e+01 -3.079872845295370531e+00
8.000000000000000000e+00 4.997803927756571341e+00 1.600000000000000000e+01 -2.843363056414437207e+00
8.000000000000000000e+00 -4.995963007239142328e+00 4.000000000000000000e+00 -3.800895706009577157e+00
4.000000000000000000e+00 -4.998288050728923793e+00 6.000000000000000000e+00 1.114622051464709607e+00
1.200000000000000000e+01 4.998113004814085159e+00 1.700000000000000000e+01 3.243575334949248656e+00
1.900000000000000000e+01 4.998171485746294884e+00 1.500000000000000000e+01 4.268455258038802214e+00
9.000000000000000000e+00 -4.999008174481747169e+00 1.500000000000000000e+01 1.701189606403302967e+00
1.800000000000000000e+01 4.996391915848019671e+00 1.700000000000000000e+01 -4.365059369678661483e+00
1.400000000000000000e+01 4.990494042186456980e+00 1.000000000000000000e+00 4.431276302131923472e+00
1.500000000000000000e+01 -4.991632251455225600e+00 8.000000000000000000e+00 1.863141857273989288e+00
2.000000000000000000e+00 4.992180065105245035e+00 1.200000000000000000e+01 4.864581519703644830e+00
