1.200000000000000000e+01 -4.994604082560977432e+00 1.600000000000000000e+01 3.243582832607883049e+00
6.000000000000000000e+00 4.995069862232421443e+00 1.700000000000000000e+01 -7.398021856963881149e-01
6.000000000000000000e+00 4.991307266760452777e+00 1.400000000000000000e+01 -3.154370664993074946e+00
2.000000000000000000e+00 4.993221364775690674e+00 4.000000000000000000e+00 4.801725446991486734e+00
0.000000000000000000e+00 -4.991089200448603158e+00 3.000000000000000000e+00 3.412948974510015887e+00
1.900000000000000000e+01 4.996142613570553337e+00 1.700000000000000000e+01 -3.487238545352056462e+00
1.400000000000000000e+01 4.991829146577071441e+00 1.000000000000000000e+01 -2.747379050030218650e+00
0.000000000000000000e+00 -4.990238003754314811e+00 8.000000000000000000e+00 1.964226272056235345e+00
9.000000000000000000e+00 4.997909450055548319e+00 4.000000000000000000e+00 2.172999260969503688e+00
5.000000000000000000e+00 4.993796615463928390e+00 3.000000000000000000e+00 -3.035561445041428108e+00
1.000000000000000000e+00 -4.990358106298340424e+00 0.000000000000000000e+00 -2.600744013354814310e+00
1.000000000000000000e+00 4.992835718309640569e+00 3.000000000000000000e+00 -1.210018227045208228e+00
1.400000000000000000e+01 4.995329611174425644e+00 1.500000000000000000e+01 -3.927814488591077513e+00
4.000000000000000000e+00 4.998874232030668274e+00 1.500000000000000000e+01 1.629308221853889016e+00
1.500000000000000000e+01 4.993400948089685265e+00 1.000000000000000000e+00 -4.104314060170293210e+00
1.000000000000000000e+01 4.990693812869971602e+00 5.000000000000000000e+00 3.208188481003283243e+00
0.000000000000000000e+00 -4.990637598937428088e+00 3.000000000000000000e+00 2.537829887935763473e+00
1.300000000000000000e+01 -4.990408574410577280e+00 1.000000000000000000e+00 -2.012801753271233007e+00
1.000000000000000000e+01 4.996518776737202572e+00 8.000000000000000000e+00 3.648524237195328368e+00
3.000000000000000000e+00 4.996627588091754113e+00 6.000000000000000000e+00 -4.487232626261952184e+00
1.000000000000000000e+00 -4.997013005198394531e+00 1.400000000000000000e+01 -3.714773613515646389e+00
3.000000000000000000e+00 -4.994214716199172344e+00 0.000000000000000000e+00 -4.353005189102656658e+00
6.000000000000000000e+00 4.997403223721864407e+00 9.000000000000000000e+00 1.823247621211725900e+00
9.000000000000000000e+00 4.992587287026744924e+00 2.000000000000000000e+00 3.276438030172794669e-01
1.500000000000000000e+01 4.996877943873981209e+00 3.000000000000000000e+00 -1.280055598201896405e+00
3.000000000000000000e+00 -4.995285465962226112e+00 8.000000000000000000e+00 -4.294823203978843651e-01
1.000000000000000000e+00 4.993657398352898014e+00 5.000000000000000000e+00 -6.961285769993619255e-01
1.900000000000000000e+01 4.995757117048260199e+00 1.600000000000000000e+01 2.577998177723666018e+00
1.400000000000000000e+01 -4.993565667490583060e+00 1.700000000000000000e+01 -2.900764512288729779e+00
1.600000000000000000e+01 4.996499170568366566e+00 9.000000000000000000e+00 -2.690039374267477079e+00
6.000000000000000000e+00 4.994091607857235715e+00 1.700000000000000000e+01 3.368962510679432754e+00
2.000000000000000000e+00 4.996725430037097127e+00 6.000000000000000000e+00 -4.597431560601143552e+00
3.000000000000000000e+00 4.994037383430060650e+00 9.000000000000000000e+00 -4.926956920463543277e+00
1.700000000000000000e+01 4.998623949910822262e+00 1.100000000000000000e+01 1.683756375654069437e+00
1.100000000000000000e+01 4.993255202740437326e+00 1.000000000000000000e+00 -3.359050268744619316e+00
4.000000000000000000e+00 4.991753877092516944e+00 9.000000000000000000e+00 2.578386939776180498e-01
1.300000000000000000e+01 4.991395861735856698e+00 1.400000000000000000e+01 -3.197618026166994643e+00
1.400000000000000000e+01 -4.992400845270394072e+00 9.000000000000000000e+00 -3.123598418908965613e+00
3.000000000000000000e+00 -4.996552372858941382e+00 8.000000000000000000e+00 8.957370360152161481e-02
2.000000000000000000e+00 4.991778934988337468e+00 1.400000000000000000e+01 1.633861185423629792e+00
6.000000000000000000e+00 -4.998423922104538342e+00 1.200000000000000000e+01 3.157862739347672587e+00
3.000000000000000000e+00 4.997644690165328640e+00 8.000000000000000000e+00 -3.529576957884802635e+00
4.000000000000000000e+00 4.999137095146164889e+00 2.000000000000000000e+00 4.804652441467728963e+00
1.600000000000000000e+01 -4.996773507496785172e+00 9.000000000000000000e+00 2.499935189794276980e+00
1.000000000000000000e+00 4.993117666631604834e+00 1.200000000000000000e+01 -1.865714183902287715e+00
1.000000000000000000e+00 4.996183181419175057e+00 9.000000000000000000e+00 3.424619918546053299e+00
9.000000000000000000e+00 -4.994820352890032567e+00 1.200000000000000000e+01 -1.169120819910151710e+00
1.000000000000000000e+00 4.996806071730794052e+00 1.300000000000000000e+01 1.165163612835401707e+00
7.000000000000000000e+00 -4.991123056030427385e+00 0.000000000000000000e+00 4.226444440105812106e+00
8.000000000000000000e+00 -4.999515014887263575e+00 7.000000000000000000e+00 6.610445101902699960e-01
