1.000000000000000000e+00 -4.993096952413770495e+00 1.500000000000000000e+01 1.582114293270697303e+00
7.000000000000000000e+00 -4.993162674983512517e+00 3.000000000000000000e+00 3.037169724937463400e+00
0.000000000000000000e+00 -4.993708925017415368e+00 2.000000000000000000e+00 2.657439736206190339e+00
4.000000000000000000e+00 -4.998599087006319941e+00 1.500000000000000000e+01 -1.570197378471198668e+00
1.300000000000000000e+01 -4.997984374001396723e+00 7.000000000000000000e+00 4.616465090228832224e+00
0.000000000000000000e+00 -4.995101693169269552e+00 1.100000000000000000e+01 -2.965982073744278136e+00
9.000000000000000000e+00 4.992177226604495921e+00 1.400000000000000000e+01 4.108415603190298526e-01
1.300000000000000000e+01 -4.999458852810562348e+00 7.000000000000000000e+00 1.538494983276893713e+00
1.100000000000000000e+01 4.995864040734281808e+00 1.000000000000000000e+00 -2.330609784179591415e-01
8.000000000000000000e+00 4.995313988931710192e+00 1.200000000000000000e+01 2.386424089802294368e+00
1.800000000000000000e+01 -4.995626574056977631e+00 1.000000000000000000e+00 2.502973406883799434e+00
4.000000000000000000e+00 4.997651820657259769e+00 6.000000000000000000e+00 4.030953513576216451e-01
6.000000000000000000e+00 -4.991127116060127378e+00 1.000000000000000000e+01 4.323645175152552866e-01
8.000000000000000000e+00 -4.990669004177742174e+00 6.000000000000000000e+00 4.377068179598289532e+00
2.000000000000000000e+00 -4.999481772843076044e+00 1.500000000000000000e+01 -4.686274886033782394e+00
1.000000000000000000e+00 -4.990462591137149850e+00 1.500000000000000000e+01 4.183304379807250228e+00
9.000000000000000000e+00 4.998431442540996805e+00 5.000000000000000000e+00 1.657927761395874278e+00
1.100000000000000000e+01 -4.995101242553876553e+00 1.300000000000000000e+01 -3.633744836865931305e+00
0.000000000000000000e+00 4.996872727196548070e+00 1.300000000000000000e+01 2.604177095335140635e-01
7.000000000000000000e+00 4.990169461543045415e+00 6.000000000000000000e+00 4.334584812071858195e+00
7.000000000000000000e+00 4.991283243299403871e+00 4.000000000000000000e+00 -3.414536058745713198e+00
1.900000000000000000e+01 4.993314870296939212e+00 1.300000000000000000e+01 -3.742575582620224939e+00
1.300000000000000000e+01 -4.995731936730846812e+00 1.000000000000000000e+01 1.988776786294318200e+00
1.100000000000000000e+01 -4.999100489296997019e+00 1.400000000000000000e+01 1.704340603222138206e+00
6.000000000000000000e+00 4.996535056868908420e+00 1.700000000000000000e+01 -6.045560396915572454e-01
9.000000000000000000e+00 4.992918831333743590e+00 3.000000000000000000e+00 9.840041495427200857e-01
1.200000000000000000e+01 4.998039508094411332e+00 1.000000000000000000e+01 3.124179704160082949e+00
1.900000000000000000e+01 4.999634368397924966e+00 1.000000000000000000e+01 3.003261321777800141e+00
1.100000000000000000e+01 -4.995024111859222238e+00 1.800000000000000000e+01 -4.631645725049970963e+00
1.400000000000000000e+01 -4.998104321401821259e+00 1.000000000000000000e+00 -3.308293529593751003e+00
1.600000000000000000e+01 4.992435110628099082e+00 9.000000000000000000e+00 -4.795966922357628448e+00
1.600000000000000000e+01 -4.993633456008178761e+00 9.000000000000000000e+00 -8.153349193344432422e-01
1.100000000000000000e+01 -4.993688508733114872e+00 9.000000000000000000e+00 4.091613891777500456e+00
6.000000000000000000e+00 -4.997352141684860527e+00 3.000000000000000000e+00 -2.773534422692124579e+00
7.000000000000000000e+00 -4.992997128104073923e+00 1.300000000000000000e+01 2.673881440952254884e+00
1.100000000000000000e+01 4.990999869583811588e+00 1.700000000000000000e+01 -4.140796926179114656e+00
9.000000000000000000e+00 4.992217075063314802e+00 1.700000000000000000e+01 4.139750680920119663e+00
5.000000000000000000e+00 4.996503798761786186e+00 1.000000000000000000e+00 -1.966175601419326568e+00
8.000000000000000000e+00 4.990133834345154895e+00 2.000000000000000000e+00 3.010630077627688195e+00
3.000000000000000000e+00 -4.995125722164674542e+00 6.000000000000000000e+00 -1.332819434025855898e-01
1.400000000000000000e+01 -4.999322845625447265e+00 4.000000000000000000e+00 4.237797867441710054e+00
1.600000000000000000e+01 4.992796242440307175e+00 1.800000000000000000e+01 2.308664022680324557e+00
1.000000000000000000e+01 4.997380278625756844e+00 1.300000000000000000e+01 -1.756311655408814509e+00
8.000000000000000000e+00 -4.995530502150637986e+00 1.000000000000000000e+01 1.437550119276934879e+00
1.200000000000000000e+01 4.991912724834004500e+00 0.000000000000000000e+00 3.745491277655647266e+00
1.000000000000000000e+01 4.991071305444144457e+00 1.000000000000000000e+00 4.871113383360743398e+00
9.000000000000000000e+00 4.990894879259938577e+00 3.000000000000000000e+00 2.207628254460844985e+00
1.600000000000000000e+01 -4.996287558402056739e+00 3.000000000000000000e+00 -2.213157658316436738e+00
8.000000000000000000e+00 4.997127439549311489e+00 1.200000000000000000e+01 -3.935532673543304494e+00
1.000000000000000000e+00 -4.993888277848155255e+00 7.000000000000000000e+00 -4.135973871263877832e+00
