1.400000000000000000e+01 -4.991162136869843557e+00 1.500000000000000000e+01 1.860323499637887679e+00
1.800000000000000000e+01 -4.997429248488789000e+00 4.000000000000000000e+00 -4.887684691267627279e+00
1.500000000000000000e+01 -4.994063305677281406e+00 1.000000000000000000e+00 -7.440084803450819351e-01
1.500000000000000000e+01 4.999232438109395993e+00 4.000000000000000000e+00 -3.286607361728023591e+00
1.900000000000000000e+01 4.995240916017316124e+00 1.000000000000000000e+00 3.630469900726239985e+00
1.300000000000000000e+01 -4.995088628760246507e+00 1.100000000000000000e+01 -3.912107126782220057e+00
8.000000000000000000e+00 4.997173103875231170e+00 2.000000000000000000e+00 -2.354376185218466588e+00
3.000000000000000000e+00 4.999147010634487742e+00 1.200000000000000000e+01 4.938427625150003664e+00
5.000000000000000000e+00 -4.995516614864276228e+00 1.200000000000000000e+01 -2.453011552130599959e+00
4.000000000000000000e+00 -4.996520683795288242e+00 1.800000000000000000e+01 -3.332609933589190110e+00
1.700000000000000000e+01 -4.991334382278335369e+00 1.600000000000000000e+01 4.021478663177211033e+00
1.300000000000000000e+01 4.997484789625432633e+00 1.500000000000000000e+01 3.322756220942517658e+00
6.000000000000000000e+00 4.998701437364656108e+00 1.000000000000000000e+01 -1.677667121653501070e-01
3.000000000000000000e+00 4.990913416132093161e+00 1.100000000000000000e+01 -5.965400473561919270e-01
0.000000000000000000e+00 -4.995321836539466709e+00 6.000000000000000000e+00 -3.074834328246845772e+00
1.600000000000000000e+01 4.993640041157573428e+00 8.000000000000000000e+00 1.108171603797635463e+00
2.000000000000000000e+00 4.990157983092956329e+00 9.000000000000000000e+00 2.966160205263630445e+00
1.000000000000000000e+01 4.993513151066109046e+00 2.000000000000000000e+00 9.414068066594527551e-02
1.100000000000000000e+01 4.994142758220458056e+00 4.000000000000000000e+00 2.787329324949688214e+00
1.600000000000000000e+01 4.998623451116905869e+00 2.000000000000000000e+00 2.289936469483448533e+00
1.600000000000000000e+01 4.991142856021755669e+00 6.000000000000000000e+00 -2.704949699474052061e+00
3.000000000000000000e+00 4.995416011572489268e+00 8.000000000000000000e+00 4.230199365167022663e+00
0.000000000000000000e+00 -4.993346286527777345e+00 1.900000000000000000e+01 4.872662144966128039e+00
6.000000000000000000e+00 4.990999938459705909e+00 5.000000000000000000e+00 3.988683035481409789e+00
1.000000000000000000e+01 -4.993636668894305686e+00 1.500000000000000000e+01 1.152951363386880423e+00
8.000000000000000000e+00 4.998826468774651310e+00 1.300000000000000000e+01 -2.912476272695243562e+00
2.000000000000000000e+00 4.990733820479239746e+00 4.000000000000000000e+00 -3.999794811713108800e-02
1.500000000000000000e+01 -4.994689424559473956e+00 7.000000000000000000e+00 -4.115376344684214871e+00
7.000000000000000000e+00 4.994998535719684440e+00 3.000000000000000000e+00 2.464168944753475365e+00
0.000000000000000000e+00 4.998386431509000971e+00 1.000000000000000000e+01 2.841776379410907438e+00
9.000000000000000000e+00 -4.994729219674956866e+00 6.000000000000000000e+00 -2.037260573002261932e+00
1.000000000000000000e+00 -4.999790195019035544e+00 1.100000000000000000e+01 -2.700184351690410711e+00
5.000000000000000000e+00 4.993223731207064198e+00 9.000000000000000000e+00 -3.621830280628905996e+00
2.000000000000000000e+00 4.990824361510014739e+00 1.000000000000000000e+01 3.796474442483685152e+00
1.300000000000000000e+01 4.992047816256619974e+00 1.000000000000000000e+01 -1.125609479916681810e+00
8.000000000000000000e+00 -4.997508803427942681e+00 0.000000000000000000e+00 -1.119509077004574582e+00
1.000000000000000000e+00 -4.999599311114574007e+00 1.200000000000000000e+01 -2.576510302383045126e+00
1.900000000000000000e+01 -4.997579011872394616e+00 1.000000000000000000e+01 1.806823447468302035e-01
1.500000000000000000e+01 -4.996090317869954056e+00 1.300000000000000000e+01 -4.099195393257568654e-01
1.100000000000000000e+01 -4.992574854436479193e+00 3.000000000000000000e+00 3.512961329939162880e+00
1.300000000000000000e+01 -4.995164740753508248e+00 0.000000000000000000e+00 2.434937838337441818e+00
5.000000000000000000e+00 -4.993562599427497695e+00 0.000000000000000000e+00 -2.393871198045055326e+00
4.000000000000000000e+00 4.995841348270475990e+00 3.000000000000000000e+00 6.840392900665346332e-01
8.000000000000000000e+00 -4.993064940596052992e+00 7.000000000000000000e+00 5.187618192840943721e-01
1.500000000000000000e+01 4.999985337846048594e+00 6.000000000000000000e+00 6.256344337009798195e-01
8.000000000000000000e+00 -4.997460704088415362e+00 1.100000000000000000e+01 -4.348643444320218876e+00
4.000000000000000000e+00 -4.990609683444149347e+00 8.000000000000000000e+00 4.563962459210191724e+00
0.000000000000000000e+00 4.996888699906506304e+00 5.000000000000000000e+00 1.476001235925240351e+00
1.000000000000000000e+01 4.996651779031060059e+00 7.000000000000000000e+00 1.875256126473509255e+00
1.500000000000000000e+01 4.994457643773706934e+00 6.000000000000000000e+00 -1.294392747349031758e+00
