0.000000000000000000e+00 -4.993629293922722034e+00 1.200000000000000000e+01 4.510302097123155107e+00
3.000000000000000000e+00 4.997993430685211180e+00 4.000000000000000000e+00 8.561333096863510406e-01
1.100000000000000000e+01 -4.998643448670569533e+00 5.000000000000000000e+00 -1.120206397980643587e+00
1.600000000000000000e+01 4.999532833293701017e+00 1.000000000000000000e+01 4.290472222919548884e+00
6.000000000000000000e+00 -4.993956658475279475e+00 2.000000000000000000e+00 -3.462982284772396113e+00
3.000000000000000000e+00 -4.992910843325025994e+00 1.800000000000000000e+01 -4.287409754365554271e+00
7.000000000000000000e+00 4.991617589977914271e+00 1.800000000000000000e+01 4.351596378415884203e+00
6.000000000000000000e+00 -4.997879995377071616e+00 3.000000000000000000e+00 -1.534413138383282416e+00
7.000000000000000000e+00 -4.995715267314112751e+00 1.100000000000000000e+01 -3.211230912155054185e-01
1.600000000000000000e+01 -4.990633784907332782e+00 1.200000000000000000e+01 -3.745490709523519257e+00
6.000000000000000000e+00 4.990666136831940491e+00 1.000000000000000000e+00 4.661211901386641543e+00
9.000000000000000000e+00 -4.993833442485362539e+00 1.600000000000000000e+01 -1.053505798608031618e+00
3.000000000000000000e+00 4.992397910403411743e+00 1.700000000000000000e+01 -5.475743317365022733e-02
6.000000000000000000e+00 4.999642267272711216e+00 5.000000000000000000e+00 3.164100078421236972e-01
5.000000000000000000e+00 -4.992060031063087600e+00 3.000000000000000000e+00 3.271445783737503277e+00
3.000000000000000000e+00 -4.992624550377575687e+00 1.300000000000000000e+01 -3.416758345443678735e+00
1.000000000000000000e+01 4.991031276186912002e+00 6.000000000000000000e+00 5.798582938129035469e-01
1.400000000000000000e+01 4.994951055313014976e+00 1.300000000000000000e+01 3.048435720433406715e+00
9.000000000000000000e+00 -4.994503783040050493e+00 1.200000000000000000e+01 -4.031566203778482738e+00
1.100000000000000000e+01 4.991527487002853647e+00 0.000000000000000000e+00 -1.751586244884968391e+00
8.000000000000000000e+00 -4.997449034808290058e+00 0.000000000000000000e+00 3.115235211495795298e+00
8.000000000000000000e+00 4.992060781270176939e+00 1.200000000000000000e+01 2.224878409418051817e-01
1.600000000000000000e+01 -4.997462448449107697e+00 0.000000000000000000e+00 3.807018545406139154e+00
1.700000000000000000e+01 4.996258494906860470e+00 4.000000000000000000e+00 3.529963100067579518e+00
1.400000000000000000e+01 4.996759960973318648e+00 9.000000000000000000e+00 4.742311140014463078e+00
6.000000000000000000e+00 -4.991961221871489940e+00 1.400000000000000000e+01 1.601162560127011858e-02
6.000000000000000000e+00 -4.991258461752895670e+00 1.100000000000000000e+01 3.304216365742950856e+00
1.000000000000000000e+01 -4.993597965047007037e+00 6.000000000000000000e+00 -8.994617694688722409e-01
1.200000000000000000e+01 4.991077702326641052e+00 1.000000000000000000e+01 -3.478877434560618376e+00
1.900000000000000000e+01 -4.998623049968044185e+00 1.000000000000000000e+01 -2.817025845958081476e+00
4.000000000000000000e+00 -4.996318256525307255e+00 9.000000000000000000e+00 4.497441814852852104e+00
1.500000000000000000e+01 4.997936316028350312e+00 1.400000000000000000e+01 8.669385541765084469e-01
1.500000000000000000e+01 4.992793363300257248e+00 4.000000000000000000e+00 2.976695199366001354e+00
4.000000000000000000e+00 -4.990793492604545634e+00 1.300000000000000000e+01 1.071121278860121429e+00
1.000000000000000000e+01 -4.995303854253839937e+00 8.000000000000000000e+00 -4.945906002289107484e+00
1.200000000000000000e+01 -4.994989471095908407e+00 1.000000000000000000e+00 -1.488473374293785678e+00
5.000000000000000000e+00 -4.999309620497316864e+00 1.200000000000000000e+01 -1.761748378908877921e+00
3.000000000000000000e+00 -4.997266721257096478e+00 1.000000000000000000e+00 4.560802558171447529e+00
1.000000000000000000e+01 4.990155275056427087e+00 5.000000000000000000e+00 -3.416255912421647167e+00
1.000000000000000000e+00 -4.996001295919975327e+00 1.500000000000000000e+01 -2.507161779832930204e+00
1.000000000000000000e+01 -4.991750261426093793e+00 7.000000000000000000e+00 4.437558669682184487e-01
1.800000000000000000e+01 4.995120620610128626e+00 2.000000000000000000e+00 4.347846866273776811e+00
6.000000000000000000e+00 -4.999034529972996133e+00 9.000000000000000000e+00 -3.221780689102397677e+00
1.800000000000000000e+01 -4.991593231360073268e+00 1.200000000000000000e+01 1.800776498340894705e+00
1.600000000000000000e+01 4.995281609326391425e+00 0.000000000000000000e+00 -8.897188613655080403e-01
1.800000000000000000e+01 -4.999947750855914919e+00 6.000000000000000000e+00 -1.906353606050605887e+00
1.100000000000000000e+01 4.991897552694222640e+00 4.000000000000000000e+00 4.027611398043310587e+00
1.700000000000000000e+01 4.999488105892178957e+00 1.400000000000000000e+01 3.417889758782374443e+00
5.000000000000000000e+00 -4.993667298092854701e+00 2.000000000000000000e+00 2.214605007066819731e+00
1.800000000000000000e+01 4.990051841181504244e+00 1.000000000000000000e+01 -1.325450165394459034e+00
